-0.564062442719993
0.10409280548721275
-1.1385510355509774
-0.564062442719993
0.10409280548721275
-1.1385510355509774
-0.5250959589965398
0.08504023820304993
-1.1578506584710704
-0.5914822975460395
0.05572677359208866
-1.1320474023719695
-0.49647321455695453
0.08050517583706036
-1.1754974963091107
-0.3257261843441527
0.15692338242642073
-1.2075681740005137
-0.4680556889728094
0.12658568711164994
-1.1655268922719653
-0.443974546901619
0.1141043460245675
-1.1800855445645604
-0.21749695264728058
0.20402617475803936
-1.2069585877089293
-0.2688623400762318
0.11510326427748939
-1.2115813095658412
-0.33287735958227643
0.10448832920743525
-1.1969030951502264
-0.3847731001126788
0.06581085020150305
-1.1812380001405165
-0.3278057911488379
0.09972159251693365
-1.1959135753571566
-0.3879821168838993
0.10776760903647589
-1.1705613409501607
-0.43364123211064853
0.06764197384795002
-1.158002729241789
-0.26817126195423446
0.11818052700200374
-1.2011706974456624
-0.39793045622067297
0.12347318249177738
-1.1638605290841497
-0.399621097711903
0.08444971294871406
-1.1623755331938064
-0.37888265627115003
0.08919507962816436
-1.1685664633150055
-0.4226616141184037
0.11026742772417202
-1.1461249833196092
-0.37699044841567875
0.10307612201544451
-1.1606338776494534
-0.3724108011142723
0.08167550292313877
-1.1571126848162638
-0.37994002665452103
0.10846751247167012
-1.1646370798926917
-0.3117959292798989
0.08158917368825767
-1.1772959193497348
-0.4065934856179261
0.05825266518169563
-1.1519891633664128
-0.3655087364856381
0.11545949193468202
-1.1505015349847392
-0.4153759104129368
0.06620930319412915
-1.1412614724411136
-0.3400406769659518
0.09904163361077195
-1.1631681945073507
-0.3598687575458872
0.1081627427260127
-1.1575025978459974
-0.29514454372545357
0.07212844700023274
-1.1715879209273874
-0.38178454702779674
0.09937742025232767
-1.1446246267702178
-0.3783663783412919
0.0702444962256163
-1.1513156740121058
-0.3699704628408577
0.0837372691959213
-1.153522030038916
-0.252638404515458
0.09947523426546748
-1.17611025214074
-0.3012138634071388
0.10603641656823101
-1.1635604680545963
-0.32554580944399275
0.08450544569866848
-1.1596743233949995
-0.34499564978673586
0.06303226980649747
-1.1535630932431642
-0.13044618328148702
0.14860239967751016
-1.190225365321465
-0.18731941024610066
0.09965866594889061
-1.1868088519845363
-0.2270331234089987
0.07019491260871213
-1.1821989149043097
-0.2874632169925511
0.05710395183493194
-1.1736513457522613
-0.18915596040067584
0.1444568277184856
-1.1802415637643402
-0.3070193736451938
0.045864556440979906
-1.1688916042906683
-0.34016353904272706
0.05330987353660405
-1.1665571033880042
-0.25605025237575907
0.10389995977906596
-1.1781799329078662
-0.20763115298234655
0.08341722914935473
-1.1891355040003595
-0.3552348264539467
0.038068516625706976
-1.1583443791310668
-0.2850446912883148
0.0319628207844244
-1.1810960285933974
-0.36192115459563395
0.09196478025447409
-1.1536524664592045
-0.2825183715106584
0.11456229378627075
-1.176226481923279
-0.354216529839334
0.04705803965506771
-1.1673650634807464
-0.3418847170879116
0.08652171850079123
-1.1605980561697244
-0.31587931591993945
0.06540531076354882
-1.173409298358263
-0.3751157203821306
0.04660333409350871
-1.156990457190772
-0.33488054253536115
0.05566827763287137
-1.1684128615955802
