0.8495673015094092
0.14811126079562492
-2.4827259957828756
0.8495673015094092
0.14811126079562492
-2.4827259957828756
0.8495673015094092
0.14811126079562492
-2.4827259957828756
0.6845527175722813
0.07040253727378937
-2.532246085312991
0.7893625859494443
0.11769188353479247
-2.527777581519546
0.7893625859494443
0.11769188353479247
-2.527777581519546
0.8602513269844834
0.15581549869281122
-2.4865304209850336
0.7510250620345967
0.09597881790266814
-2.53092818847906
0.8380571409968237
0.19599902357717736
-2.4858593431211204
0.8303643431169219
0.020524670968362115
-2.4798912394201893
0.8225635165636519
0.16307771729801654
-2.50447311437567
0.6539049707346739
0.2530434905184728
-2.532814260819044
0.8452273235483841
0.18793287905777656
-2.460094364785759
0.8278229089405387
0.09956798036836678
-2.488032643685179
0.7193509528671651
0.22635107074779673
-2.5197630269573663
0.8270516714308427
0.03644061019290176
-2.4844365408272107
0.8105412467707229
0.057291745013563454
-2.4827307269242453
0.7799166142119248
0.20338695408795587
-2.488925469692214
0.6171218549808605
0.12778505252792102
-2.523246813449908
0.5159212040727654
0.04825519740361404
-2.5823384698865706
0.7238391623791998
0.12383218535685271
-2.499825715873955
0.5921041082861916
0.10593455782715784
-2.567781205039666
0.6418240685359107
0.009048063476040289
-2.55549035963879
0.8466040360975043
0.06446397863747569
-2.4717952640414667
0.8373887883671131
0.024862690870563173
-2.470217413079308
1.0279036969212831
0.008461297345816115
-2.4336272161350156
0.6555215803102579
0.11733765002222046
-2.548029649659134
0.7265648724053922
0.1398369769832323
-2.4988441880850956
0.8168244978980279
0.02873564883187017
-2.4735755537608135
1.0851977489629012
0.16912590145363376
-2.3521276138646683
0.8042252624297354
0.13050765121536587
-2.4832551988981013
0.7459038240591045
0.09299996693860353
-2.5167051015014885
0.684390034340459
0.17936358942005984
-2.519736854924501
0.6597400608590094
0.03901405635138869
-2.533329821951002
0.7150046672396959
0.11970053305121776
-2.508707438311301
0.5498614683141447
0.13059655160963435
-2.5647532164347475
0.8653130457773901
0.12226772352494514
-2.473538775614591
0.682210584476351
0.09572068861239633
-2.50474788060337
0.7194527013656475
0.05125984113078164
-2.5140423691838767
0.7881198038572502
0.10687646405836106
-2.5034322661262767
0.6512117211321058
0.09801648636655538
-2.5371112458835934
0.8204993664986349
0.002387800433463828
-2.4877241609696745
0.8145247610279394
-0.10824825039116122
-2.48026066446858
0.6755949749825508
0.03181878164993063
-2.520878904818777
0.8376879686952197
-0.02679342721374603
-2.4892382035538416
0.8419353585370167
0.19805928641206658
-2.4463709630775408
0.7681039681887587
0.1493684965309801
-2.472317467290609
0.5926409734230277
0.2922778390296441
-2.531101592279949
0.6925768563654705
0.06457980860407865
-2.5097320882637755
0.8485739675367897
0.00534928979417303
-2.482267801245919
0.7163086280364102
0.003167228012061339
-2.5192501817495527
0.7671190141515506
0.0761598009736874
-2.497768681021461
0.7734556159624539
0.1920496015075619
-2.479828285889722
0.6856529303812574
0.1656209688897023
-2.50548178616762
0.6702812531366402
0.16727068289237604
-2.505365675203366
0.7113885953920671
0.07408742865538094
-2.4984480557474877
0.7189260446157583
0.08506536336900433
-2.510574485876787
0.7189260446157583
0.08506536336900433
-2.510574485876787
0.8689075035681543
0.0007603715575582868
-2.4592898775058347
0.9487241100988597
-0.111153130916019
-2.4250745213625824
0.6549591682740253
0.0748770844381553
-2.538282881760744
0.6396726241472185
0.07130260687375305
-2.5388654945917595
0.5590586809333007
0.18440037688685332
-2.543911009459721
0.705992019316637
0.020867612372531742
-2.5359550911383826
0.6942438755131822
-0.013730930176690965
-2.5364281191213798
0.5240104200054578
-0.02253450028391375
-2.573030386214576
0.8948120546803002
0.019234002835219116
-2.4491127516153974
0.5818674324191395
0.08543914087740563
-2.554442200631874
0.6547574305906012
0.1252465214762576
-2.5307531189012047
0.9461565940959752
0.14968722306363638
-2.4336274568644507
0.6309824839709937
0.1311029597797506
-2.5322638793249914
0.7367377411640241
0.11570095238041024
-2.485657218071072
0.8682460295469465
0.09934438564953828
-2.4851287827357376
0.8598167913605282
-0.047814534310161506
-2.466363468388376
0.7500276950304542
-0.1666287157127353
-2.488622739453915
0.7956135145090527
-0.08704142239949782
-2.4818939636180852
0.6369821811093338
0.02904628327637545
-2.5523123779815564
0.8408505157465289
0.10125109383381933
-2.4651096758628177
0.7727529974485036
0.018999896929495563
-2.5131860015680014
0.834582821007315
0.08519859945798965
-2.4908030139709503
0.8878162740429907
0.02522288134910032
-2.450421399180308
0.5676824524284045
-0.080530141282828
-2.581439802787283
0.8001058955788188
-0.09520922350401774
-2.494117346278261
0.8001058955788188
-0.09520922350401774
-2.494117346278261
0.7894871677525325
0.003184752872230278
-2.5028547425682026
0.6973483866720973
0.08516436355476177
-2.5324877334526628
0.6973483866720973
0.08516436355476177
-2.5324877334526628
0.6973483866720973
0.08516436355476177
-2.5324877334526628
0.7993164390019017
0.11201166583668583
-2.52078301693888
0.5014025037760346
0.1574811867490496
-2.5907937919296082
0.7402822305855637
-0.05406271538508572
-2.5429805248087494
0.6738465930868671
-0.019530190498028566
-2.540980888054286
0.6035014158846086
0.0799569043041461
-2.557861647402087
0.8823875401595428
0.1772196862071022
-2.469353626435926
0.5272727531690128
0.18227179023151305
-2.5911041917649404
0.5272727531690128
0.18227179023151305
-2.5911041917649404
0.5497787054136339
-0.04365119701988644
-2.5768168330277272
0.7126847719249231
-0.03341049131595285
-2.5398137965428935
0.7007832592886828
0.12015161789609757
-2.5223281426000885
0.727365206833096
-0.03831056163808631
-2.5395716352688122
0.4920321136688663
0.07638501703895499
-2.594658341364005
0.849904059851604
0.08018458861803618
-2.4624718612259437
0.5835481333535628
0.09452855862861509
-2.561260587012986
0.593185994939905
0.13049384968433184
-2.5591027779142674
0.6756357265573092
0.025232268071184342
-2.546678873044821
0.6503053797066617
0.11838448525838594
-2.5458828267686764
0.5870598297010782
0.21823881167082843
-2.573947807817166
0.7241532750280117
0.1408262114345176
-2.5102182337011865
0.6446609592082859
0.07517095951759499
-2.5628493993983636
0.6884335617681006
0.10407097812140008
-2.5474365434226445
0.737126880096918
0.012407989807500663
-2.546096078062843
0.679269687680235
0.09544499439149082
-2.562491105286189
0.6301418443474016
0.16347421114975028
-2.5710348231173876
0.8361827139661557
0.09756318797936661
-2.5230122746634454
0.7212772573877296
0.08955317297294436
-2.5623292563111795
0.8604810016001037
0.07430945967387835
-2.524038846028584
0.5973305073817929
0.10504593548554308
-2.6009021734341027
0.5301991246034099
0.2986480942424016
-2.6066896137197793
0.8465642493555128
0.13615394822933471
-2.51324377307293
0.8465642493555128
0.13615394822933471
-2.51324377307293
0.8465642493555128
0.13615394822933471
-2.51324377307293
0.8465642493555128
0.13615394822933471
-2.51324377307293
0.6765370477716033
0.08538035136681911
-2.5666023421389776
0.6765370477716033
0.08538035136681911
-2.5666023421389776
0.6765370477716033
0.08538035136681911
-2.5666023421389776
0.6765370477716033
0.08538035136681911
-2.5666023421389776
0.6765370477716033
0.08538035136681911
-2.5666023421389776
0.7554516124860426
-0.08596048663770081
-2.5822577529461226
0.6205629819416346
0.0814799825989416
-2.6223367730856593
0.7652524494567257
-0.03506378156036713
-2.547558679236971
0.8863678732791612
0.07691590579046342
-2.512792507846466
0.783301055430101
-0.05704929681823082
-2.550176995508334
0.7926907936185266
-0.056468133503920596
-2.551866209566269
0.8559748486254347
-0.0034700144281327797
-2.537954652896355
0.7507014506344385
0.1427926100340637
-2.5681812691333317
0.7540999140692516
0.014677879683037805
-2.57884106617507
0.7009018737653087
-0.06901772100571259
-2.5956220542908564
0.7060103060191454
0.09790752665730762
-2.598839370042143
0.7808658832111997
0.014056784783531909
-2.5851083417910785
0.7811791743864053
0.12991877908493968
-2.542335914781666
0.6616973145355716
0.015368938563127722
-2.6268444541723266
0.7922368299242968
-0.010533349831320754
-2.5540066273373987
0.8601193878855239
-0.052272445665024085
-2.535041249935121
0.865802517470721
0.056241390878948375
-2.5394714965656044
0.7594532371533433
-0.06372339017110035
-2.575493041767492
0.8230677724385806
-0.012022829858837134
-2.5631970297364437
0.8230677724385806
-0.012022829858837134
-2.5631970297364437
0.8230677724385806
-0.012022829858837134
-2.5631970297364437
0.9103073655243039
0.15245485777397108
-2.5159210296029775
0.7947718984158079
0.07357873762188825
-2.5611225516534764
0.8455422588385777
0.11469023297828201
-2.529555914586911
0.686668020270923
0.08367106510545871
-2.599812027535753
0.759198809572106
0.0016026977274827057
-2.5862780367695968
0.7503814066422232
0.0060855360020955615
-2.575787017353358
0.7613759577541644
0.00569200025877848
-2.57772292661653
0.8286908060271242
0.05186050293905807
-2.560679278680194
0.8438989652149618
-0.040289063548195884
-2.5599854278366796
0.682736741787725
-0.0036118597698300663
-2.6298856548746565
0.744074660972361
0.06635683371116174
-2.598544888298228
0.7001026221907791
0.14761053211336841
-2.610036529940315
0.6373350343775229
0.058047727326169966
-2.6378026069336227
0.8483944951762761
-0.0010858673044441853
-2.5601781052433776
0.8483944951762761
-0.0010858673044441853
-2.5601781052433776
0.7666278311377788
-0.0063741889783957605
-2.5951613526375072
0.7666278311377788
-0.0063741889783957605
-2.5951613526375072
0.8104657532496978
0.10803549607714395
-2.5896395609852565
0.8095053713562423
-0.0058985620576484845
-2.5802209627928057
0.8325815609812649
0.11797594833230524
-2.5725776234316156
0.8041172609819279
-0.07463412113110629
-2.589729771508757
0.8328534239747541
0.049735806362403115
-2.5660177140361666
0.859743000078574
0.03159131251853702
-2.563347350235669
0.8334252878954653
0.10971521894644438
-2.5962137524929574
0.8623713745869996
0.1053729182479098
-2.5924983632376257
0.847277059271343
0.04229220366831713
-2.584258823580384
0.7608035912412274
0.04356126396501486
-2.6378378222255656
0.7608035912412274
0.04356126396501486
-2.6378378222255656
0.9081407473175912
0.0856940820874257
-2.55672902120709
1.2228624815051554
0.24410231741794436
-2.41730301837213
1.2228624815051554
0.24410231741794436
-2.41730301837213
1.2228624815051554
0.24410231741794436
-2.41730301837213
1.0015467534956277
0.1184666901647148
-2.5248808714103483
1.0015467534956277
0.1184666901647148
-2.5248808714103483
1.0015467534956277
0.1184666901647148
-2.5248808714103483
1.0015467534956277
0.1184666901647148
-2.5248808714103483
