0.5104169218948952
0.08952775424824133
-1.272757448423038
0.5683979591186025
0.0681968288418256
-1.2518683230793943
0.5683979591186025
0.0681968288418256
-1.2518683230793943
0.5427054336193086
0.07415792987911068
-1.261904346763758
0.5609775967062108
0.09133506337145786
-1.2467317065607955
0.5609775967062108
0.09133506337145786
-1.2467317065607955
0.505665182680743
0.07518697777181274
-1.283814501566548
0.5463155516348654
0.10493608359292297
-1.2535569871288994
0.5411030829644239
0.07610295590410926
-1.2625961286158358
0.5340380590737978
0.06936491470587948
-1.2655233887999038
0.5192066534961516
0.0900734212576681
-1.2692838568858464
0.487605918979679
0.08932529984079195
-1.2837009594134503
0.5290192679528167
0.08058834678049395
-1.2760637392628955
0.5580987568315946
0.11254982709690219
-1.2487291208231415
0.5344617149106083
0.05520138583558405
-1.2687156730175466
0.5226988111313682
0.06919008842950371
-1.272854019514323
0.4904998185736929
0.04321316098553823
-1.290500748913448
0.5044187908227438
0.08651711675020245
-1.2815924836820676
0.5605045131793066
0.05816462609263086
-1.2530267413437315
0.5424928563427286
0.06443117030411122
-1.2567027758923455
0.5233910369074569
0.06336528947023795
-1.2676337978422845
0.5044386134888619
0.11097237146500169
-1.2690716373983217
0.5035842101112158
0.1333277383720639
-1.2618075934994124
0.48032259750200557
0.06718921089404575
-1.28877744145157
0.5126231877929945
0.07031075579684515
-1.2729526750151183
0.5056515074066185
0.07793966275680846
-1.2713123105597397
0.5041781917899242
0.08598079479316507
-1.2793062272772637
0.4640299680566948
0.0703795303272553
-1.2968118498647634
0.4843502455288154
0.09788752484627335
-1.2895934293937283
0.4898604351038543
0.08106285657982797
-1.279979506022919
0.4497073437166718
0.09209654676291165
-1.300685954401461
0.5061829380021486
0.07440664342955984
-1.2731225941878506
0.459196637171429
0.09098096003482845
-1.2983598053824563
0.4407285476183794
0.09197785374674304
-1.306584677709055
0.41976229190913616
0.09345070552697282
-1.3092764752464177
0.46981862661418566
0.08640373622409997
-1.2846838189875225
0.4605453286498584
0.0920644132368052
-1.2915785015446604
0.474965877479204
0.05146347916463255
-1.287881435235484
0.4801359622768379
0.1174149635195449
-1.2796809002903402
0.4445464917886472
0.11969474439078832
-1.2958017840597174
0.4554742101221137
0.09781846898920664
-1.2911790819604552
0.4160854741102488
0.11212395218351458
-1.3065971470843836
0.4368605221595349
0.10315557768753741
-1.2991519025589529
0.45380166401776995
0.0662736826478163
-1.296369978930352
0.4825475447614128
0.05748214376213612
-1.290167736988876
0.4623637616173492
0.07670395483127268
-1.2934792559591632
0.4554169217758004
0.0754414939930852
-1.2943763506203727
0.41816021248852425
0.13766079094561115
-1.3069172896105095
0.44132438451614286
0.11743249246171403
-1.3016405180691064
0.4520798403616921
0.08396957669528472
-1.2973932869223277
0.45917196498758833
0.10724978865202192
-1.2950292565651904
0.4274960653607095
0.08775962941446964
-1.3125113419432224
0.47639613696364763
0.06537485380381737
-1.2861976346787816
0.44535697708751976
0.11241724897703184
-1.2968861275999648
0.39673362987188987
0.10351420108408896
-1.3242020372191394
0.42848540190153633
0.08631405419959907
-1.3093920211606416
0.440752153376337
0.09797188403580442
-1.3105314719237051
0.4525695113802862
0.07801531458394094
-1.302177252042888
0.4796679618023185
0.07947204970034323
-1.2925422712697352
0.4489210017027376
0.07356167086037516
-1.3037981228558913
0.4842972782600425
0.046389947721413326
-1.2822238233516126
0.4409339608989598
0.09714583619569199
-1.3085032952700895
0.44617726172433114
0.07540388853484323
-1.3052935187263932
0.4082321563332379
0.09978551428556912
-1.3192824335289353
0.42757069633590256
0.10329521217076156
-1.3132136429351267
0.44209461385043786
0.07662520292302842
-1.3124988951015795
0.4254178377874921
0.06584431285768924
-1.3197488909560813
0.4183933861660983
0.06763984943245116
-1.3183074392207317
0.43342038014999207
0.09168179969826198
-1.3163011470753838
0.4637969451295141
0.044341576179605074
-1.3118451852803157
0.43898046769043286
0.0760373510243724
-1.3184604205772659
0.44214994277999997
0.082858736108538
-1.3183896043853516
0.4126749563455147
0.0971754710807289
-1.3275743090300423
0.4388145580606865
0.09502710051935045
-1.3139256524025404
0.4392289347791583
0.06113801711557096
-1.3191393669929101
0.43647138257457163
0.052845600784845445
-1.3177488574641034
0.4353610952950328
0.06937580721107736
-1.3229450440685464
0.42379248303788747
0.08676501192192353
-1.3335159353064083
0.42878519009266713
0.05527582147450157
-1.330356796607554
0.45263943554393293
0.06179609634852389
-1.3244254795355772
0.4330267629209707
0.10023402200384464
-1.3212539026475032
0.4245568794185019
0.06705810214429522
-1.3326103392600497
0.44201968191516805
0.06462890396896458
-1.3271562757388098
0.4358526419974315
0.04519872604320605
-1.3431313824874969
0.4747448421385439
0.10019809371367193
-1.3153289146074245
0.4651941657294378
0.07467645312713128
-1.3240688041513857
0.4766240217731814
0.0550677243530338
-1.3302709404437458
0.397699150273802
0.07947932821576556
-1.3514468170098026
0.46855643460797214
0.09613118767190253
-1.3186201818695071
0.4631819201555007
0.052984318061826456
-1.332740063111229
0.48416470962071595
0.018015065322403413
-1.3302228730244128
0.4702243581966311
0.055081138656224715
-1.33232210869417
0.4717631860438855
0.057525414368622046
-1.3319653986169608
0.4768041254319403
0.035615568861498616
-1.3350986843114172
0.45314416366652166
0.03652785017612885
-1.3462930046076396
0.45429612101268757
0.07232267571361552
-1.3421454776192063
0.4379862488811776
0.10805644784184777
-1.3581847041737278
0.40597312402849833
0.08138027280714816
-1.3744081637985637
0.4768592334560175
0.09437345113514858
-1.3346791595227832
0.4774873265467945
0.03382489529791465
-1.3430188739201867
0.5112868110105395
0.004964909276682584
-1.334684758685228
0.48351449942037306
0.06717083281272992
-1.3411103604851549
0.4735569947692019
0.05811628319524423
-1.3488805398532193
0.47149816108877246
0.05733900266860946
-1.3570821899361842
0.44346328786133593
0.06658349817952137
-1.3581200573111443
0.4749067888131056
0.09279074722931627
-1.3441716388188634
0.4805753522834769
0.06141161708728169
-1.3418798463103094
0.5050754427955488
0.04279780276763028
-1.350116335251646
0.44946608946397526
0.07996529701384938
-1.365507257433366
0.4862201578572169
0.04887046650410327
-1.352691689037997
0.4824538678719618
0.055431712169400925
-1.3502474571094636
0.47797501697764566
0.06538936699107573
-1.3550085345662886
0.4963638864088582
0.0853001558622523
-1.346135643589774
0.5030087152253314
0.06113950243830095
-1.350368776518321
0.4840013696296375
0.018728824649344146
-1.3625543518084884
0.5124500327169726
0.04043010268796621
-1.3489719187671567
0.5289011632228667
0.030176215021670307
-1.3489426216544105
0.5119829059681207
0.06426222726980459
-1.35604012645872
0.4953033032455044
0.06395392374345303
-1.362549818718025
0.5120076454603703
0.059954196897343486
-1.3534787019339818
