-1.1212997319200666
0.03820763014412998
-2.319019775487165
-1.1212997319200666
0.03820763014412998
-2.319019775487165
-1.1044677894724662
0.020530586317877707
-2.3407275274463037
-1.1044677894724662
0.020530586317877707
-2.3407275274463037
-1.0995707065741949
0.05583826257674462
-2.320416553371167
-1.0404722157658277
0.018829625486099323
-2.3604213964758687
-1.1192312343530972
0.08673881332169502
-2.314425537555582
-0.94597802704638
0.1003450302078588
-2.401624652843584
-0.9300110142060525
0.058839669097636625
-2.4045518259893193
-0.8745541913313051
0.07570658468550633
-2.433043426239296
-0.8849736085961478
0.04946769027951591
-2.4058022431001067
-0.8399374693988908
0.04771750198534154
-2.4313599328000257
-0.7793130997936984
-0.060212152325074826
-2.4434738995751846
-0.7961060667687027
-0.04320528613575513
-2.449682227659541
-0.8305494392747962
0.03776468100913448
-2.409293769127991
-0.9376204027970145
-0.005718264861134877
-2.3877998896076025
-0.763339999255886
0.05170208210585058
-2.4171124183096775
-0.7075232100874607
-0.0827274766299325
-2.4430074495152434
-0.7075232100874607
-0.0827274766299325
-2.4430074495152434
-0.9100147715096492
0.028983420353493976
-2.3579871172911258
-0.6499534112144935
0.11251267532056339
-2.4287401572688836
-0.5140122470709231
0.4028162475790438
-2.4286929424461214
-0.28694118937655383
0.4422250641811204
-2.4460499341740256
-0.6902590848507802
0.07206134385838106
-2.4306600029496144
-0.393539387421374
0.24979805696700658
-2.506008854097736
-0.393539387421374
0.24979805696700658
-2.506008854097736
-0.393539387421374
0.24979805696700658
-2.506008854097736
-0.48091292113089323
0.1464734841283239
-2.476043003449956
-0.7203629924493886
0.06608760236056656
-2.416235362331672
-0.6482857754819457
0.028165162379190135
-2.4328156256864224
-0.70131558314843
0.06388400278213816
-2.4112256636569076
-0.5576438121655504
0.17691906609860694
-2.4273699722094118
-0.6419330837495661
0.14819745021278075
-2.4464742997030946
-0.6003459915251567
0.2597337695427146
-2.414036824533832
-0.6998386821517225
0.19454763298526515
-2.3933597065576913
-0.7137247536843401
0.020985410264236424
-2.420848683702027
-0.502609401784606
-0.07074149720785329
-2.466236287031507
-0.6472569478781784
0.058485026530045024
-2.4075302849674864
-0.7391133067878102
-0.04568598843965995
-2.398275473454018
-0.7326677506369025
0.05920556354479723
-2.3944737705480583
-0.3056548679914665
0.27879898218089394
-2.460599713380621
-0.3056548679914665
0.27879898218089394
-2.460599713380621
-0.5962594870958217
0.044713481676272336
-2.433020604036988
-0.5962594870958217
0.044713481676272336
-2.433020604036988
-0.794522021922212
-0.022113199838277402
-2.368370706049876
-0.6286057713413529
0.16311805255568568
-2.402160100965496
-0.612191894350357
0.017336114644024795
-2.392434581305449
-0.5838945615417719
-0.000928192689520305
-2.415160868473296
-0.6362588899777909
-0.046274281034350224
-2.3970508981944665
-0.6199352641186123
-0.08200401427199178
-2.395419589204358
-0.5363320470640912
-0.006914343131187814
-2.413403588799283
-0.5363320470640912
-0.006914343131187814
-2.413403588799283
-0.7511763763827707
-0.0030739054308701287
-2.3483150097724805
-0.49465879967884424
0.277978382994114
-2.393846428415333
-0.3445664081987976
0.36237327940535535
-2.4123460491538204
-0.3445664081987976
0.36237327940535535
-2.4123460491538204
-0.3445664081987976
0.36237327940535535
-2.4123460491538204
-0.3445664081987976
0.36237327940535535
-2.4123460491538204
-0.6523236720761351
0.15290748075025942
-2.380615302973454
-0.6157623698362263
0.06110822239971616
-2.396689249896084
-0.7761878951760823
-0.044831198622571046
-2.347785201317092
-0.409311469058531
0.25583823665628896
-2.426518586338435
-0.6035364262333975
0.18535291755938624
-2.3780408846188
-0.5109621642008283
0.1212079198273775
-2.4409546893380014
-0.6963370316826365
0.157784786322732
-2.351803231713509
-0.5680249790598603
0.18957754327543844
-2.378646834730369
-0.4712089986539701
-0.028906276260544178
-2.426907306717156
-0.6157576522819154
0.10904637389184696
-2.3885964551666574
-0.5552903677027637
0.21177492449414187
-2.387484420390434
-0.6515587213912694
0.019190304544585944
-2.3803073989767083
-0.48012365719374
-0.01028452603266509
-2.4394174779560687
-0.3990803135237188
0.1853939158554927
-2.4387877210289397
-0.4157038476905942
0.15250307070705377
-2.416818390443675
-0.5439187984459244
0.08613526833936344
-2.4180224642469526
-0.5860388579503019
0.23794499008199488
-2.365406101819469
-0.41594278622950326
0.034379038996919534
-2.4078826580085275
-0.5075744763381854
0.07748138110778696
-2.386900509313423
-0.39806164464474736
0.027133139388874898
-2.409194962670757
-0.6330409883416019
-0.09154182375123818
-2.3557020826766184
-0.4336495458914807
0.19258505822266475
-2.385942137661188
-0.34451666191743585
0.14305044220163166
-2.4211376893837175
-0.6262716937353836
0.05417956590046151
-2.357392501150329
-0.3315900364301164
-0.11420469450049678
-2.425132519103134
-0.32931301018435555
0.13412163884104508
-2.4240802146502194
-0.40872175230869784
0.03766027995243812
-2.4200772475552226
-0.40872175230869784
0.03766027995243812
-2.4200772475552226
-0.40872175230869784
0.03766027995243812
-2.4200772475552226
-0.40872175230869784
0.03766027995243812
-2.4200772475552226
-0.3658785145424523
0.056728903002115236
-2.4054145191606775
-0.41267145850762377
-0.05104512509085173
-2.3865094003920557
-0.41267145850762377
-0.05104512509085173
-2.3865094003920557
-0.14130351386506868
0.2504135356124912
-2.4268226200495318
-0.14130351386506868
0.2504135356124912
-2.4268226200495318
-0.1385980665870347
0.2164121723936552
-2.4009476061708157
-0.35483432326548897
0.06944266816465607
-2.400443051248062
-0.35483432326548897
0.06944266816465607
-2.400443051248062
-0.35483432326548897
0.06944266816465607
-2.400443051248062
-0.27141003398563757
-0.11842642251535915
-2.4135077561701666
-0.27141003398563757
-0.11842642251535915
-2.4135077561701666
-0.27141003398563757
-0.11842642251535915
-2.4135077561701666
-0.3311635086728151
0.28598556498816846
-2.3811292757172353
-0.3311635086728151
0.28598556498816846
-2.3811292757172353
-0.3311635086728151
0.28598556498816846
-2.3811292757172353
-0.41726037356808887
0.07186635336522453
-2.386241260038354
-0.35305859246984705
-0.2117705540325704
-2.383639299942695
-0.23704599809033994
-0.10727967526035705
-2.410826722245247
-0.0570872936878298
0.22260562251955088
-2.427633182945518
-0.0570872936878298
0.22260562251955088
-2.427633182945518
-0.32108323693437507
0.03812761543895301
-2.4011551729807783
-0.4672142953311591
-0.05496723618379249
-2.358671027071189
-0.4672142953311591
-0.05496723618379249
-2.358671027071189
-0.37145182767225565
0.03225549813559824
-2.4011969313392325
-0.3069634730862264
0.18603639348659345
-2.3994614431877244
-0.32151940999016826
0.1771945844319914
-2.4014601529831974
-0.32151940999016826
0.1771945844319914
-2.4014601529831974
-0.18960834529744883
-0.18007967473649392
-2.4296679344688537
-0.4674559677175574
0.044478197169620225
-2.3764295044141592
-0.4674559677175574
0.044478197169620225
-2.3764295044141592
-0.22686646079057407
-0.13637182146297494
-2.440459497982116
-0.4311470372709447
-0.06968131632656374
-2.3895541947672103
-0.44444970073175427
-0.06541090087104325
-2.390213712007069
-0.44444970073175427
-0.06541090087104325
-2.390213712007069
-0.44444970073175427
-0.06541090087104325
-2.390213712007069
-0.5518002892482263
-0.006055965460535708
-2.3789638261465536
-0.5518002892482263
-0.006055965460535708
-2.3789638261465536
-0.5518002892482263
-0.006055965460535708
-2.3789638261465536
-0.5518002892482263
-0.006055965460535708
-2.3789638261465536
-0.5518002892482263
-0.006055965460535708
-2.3789638261465536
-0.5518002892482263
-0.006055965460535708
-2.3789638261465536
-0.400527865847366
-0.07769701046764874
-2.425303610398292
-0.5601839754018326
-0.05462686006430458
-2.3643973642375182
-0.4252594068692807
-0.0710232409696908
-2.394392078953302
-0.509533504611969
-0.010885486578826627
-2.383640013398618
-0.45010969529215383
-0.06903878017453756
-2.3966938718482034
-0.531829236453045
0.028060023567083918
-2.385749889486107
-0.379720335919708
-0.02660652512253346
-2.4173327034396808
-0.4845261435150926
-0.06663495996810935
-2.400404847438344
-0.4845261435150926
-0.06663495996810935
-2.400404847438344
-0.5230623179648463
-0.07739924581415665
-2.378868631356144
-0.3464626707940583
-0.08642005349333853
-2.431963183014042
-0.35946905283936753
-0.08451936585227768
-2.433788292828813
-0.3645575837820784
-0.1570023026384213
-2.4313540507032063
-0.41272513239313935
-0.10944225489592307
-2.4101606779705103
-0.3912904288641927
-0.08043303621242401
-2.438537109235141
-0.3912904288641927
-0.08043303621242401
-2.438537109235141
-0.3912904288641927
-0.08043303621242401
-2.438537109235141
-0.517735142800716
0.015087433282660089
-2.4073845699638508
-0.42829489404534554
-0.06808655531271866
-2.4119091390758167
-0.33284613255624723
0.06367616096505342
-2.4310344127480934
-0.3430050749973066
-0.02995010963420339
-2.433023387545939
-0.3536341396416849
0.05741202708342107
-2.4341761767492103
-0.5529254410120901
0.16755443746889162
-2.3901680976821207
-0.3762814984245478
0.05579614035069752
-2.4373892785830034
-0.29545281043730504
-0.08973306808256577
-2.447930787756465
-0.32313146979504354
0.13464337648239535
-2.443259338855234
-0.3185857253784469
-0.0859946037972185
-2.4521559834624354
-0.41707783737358534
-0.0033743010450352218
-2.4441386729146806
-0.27932556494930605
0.037750596049334895
-2.4442584414942483
-0.27932556494930605
0.037750596049334895
-2.4442584414942483
-0.27932556494930605
0.037750596049334895
-2.4442584414942483
-0.27932556494930605
0.037750596049334895
-2.4442584414942483
-0.41205435045619865
-0.10511305116438414
-2.4356253637558813
-0.4009888938239136
0.10802743917437245
-2.4268043644899735
-0.4009888938239136
0.10802743917437245
-2.4268043644899735
-0.4131709099836243
-0.07039030008192577
-2.4338335731713823
-0.3619542595255054
0.02417164280663534
-2.45955212530365
-0.3619542595255054
0.02417164280663534
-2.45955212530365
-0.3438646996624875
0.06106219029218399
-2.455627873221698
-0.3438646996624875
0.06106219029218399
-2.455627873221698
-0.3438646996624875
0.06106219029218399
-2.455627873221698
-0.48838812693407846
0.09150987843697327
-2.405599621835207
-0.369369818681415
0.154528819958553
-2.4371220390777153
-0.34095762360300597
-0.08176191422903142
-2.437192316796323
-0.39723062173692153
0.14135509542582267
-2.440937288301125
-0.313424473599627
0.02247120034087208
-2.4629139410992376
-0.4054303198790864
0.10433509409964732
-2.4363446671745983
-0.4054303198790864
0.10433509409964732
-2.4363446671745983
-0.4054303198790864
0.10433509409964732
-2.4363446671745983
-0.48722100314582595
0.057815115197700245
-2.4163169162419305
-0.48722100314582595
0.057815115197700245
-2.4163169162419305
-0.3783525380499555
0.06306824191955725
-2.44170294201276
-0.3783525380499555
0.06306824191955725
-2.44170294201276
-0.3783525380499555
0.06306824191955725
-2.44170294201276
-0.3783525380499555
0.06306824191955725
-2.44170294201276
-0.3783525380499555
0.06306824191955725
-2.44170294201276
-0.3783525380499555
0.06306824191955725
-2.44170294201276
-0.3783525380499555
0.06306824191955725
-2.44170294201276
-0.3783525380499555
0.06306824191955725
-2.44170294201276
-0.3783525380499555
0.06306824191955725
-2.44170294201276
-0.3783525380499555
0.06306824191955725
-2.44170294201276
-0.3783525380499555
0.06306824191955725
-2.44170294201276
