-0.3950895719810145
0.14278543106621255
-1.183689645019658
-0.3950895719810145
0.14278543106621255
-1.183689645019658
-0.3950895719810145
0.14278543106621255
-1.183689645019658
-0.48116001681762854
0.13050443724617214
-1.159237075334106
-0.32756204875514716
0.1260205524105353
-1.204754284198717
-0.32756204875514716
0.1260205524105353
-1.204754284198717
-0.379778259734179
0.0744671257194507
-1.1983994340212996
-0.2704749536282563
0.09659574012545291
-1.2126442187969768
-0.2821091724674273
0.15457194979921793
-1.1922243563524737
-0.30361406088590553
0.08806407183875198
-1.2064094683238362
-0.4071982192985407
0.06717182459350081
-1.1628645330007623
-0.3269718874000826
0.08453121205591971
-1.1887219935431628
-0.3975617264323548
0.09225602891115176
-1.1636665833517121
-0.4376086236759709
0.07483544906040161
-1.1480911050769333
-0.40813670837912097
0.10572699773530844
-1.1516279805115333
-0.5064825513968355
0.07220321988023423
-1.1147334410428151
-0.45291070771947345
0.0858711575640601
-1.1301506753283077
-0.4033101836766178
0.09409465362622077
-1.1483744331850898
-0.42403231752122134
0.09653071780190982
-1.1311328660946094
-0.3609223169191249
0.0665670504460169
-1.1561009206186583
-0.38292037537079016
0.10751772866804792
-1.148784960168589
-0.32570413853034846
0.0735984865679828
-1.167063954788829
-0.2687887270070496
0.10223752798241931
-1.1733631414702557
-0.2661518443985893
0.12666169417290277
-1.1597796933914217
-0.273170395028387
0.11636476850898697
-1.1573010822093255
-0.29359617905476304
0.08620131409418869
-1.1573460688725123
-0.34235281025811226
0.09676083965328335
-1.1442624949502238
-0.27743926079142256
0.13407161947200702
-1.148075648123204
-0.2560788698732887
0.08738443802587063
-1.1634928695015576
-0.313778360428421
0.09113247016622465
-1.1454250911895154
-0.3097588536817619
0.03277964163977101
-1.1481818894081295
-0.26650634589483185
0.08061221333106808
-1.1549150800902568
-0.30930311444237574
0.05801130054302135
-1.1537503785332721
-0.36434313522717726
0.045473300130937123
-1.1411188564067687
-0.3256045675865194
0.12163378028623627
-1.1352742490566576
-0.165334674174453
0.12280703342747573
-1.1677686850994045
-0.2982038819533307
0.10965786869262081
-1.1554488071088742
-0.3614451614224767
0.01271862950476696
-1.1400065242322461
-0.3614451614224767
0.01271862950476696
-1.1400065242322461
-0.30753057250257426
0.044756804763044174
-1.152125984776092
-0.24210825698038863
0.10730967610072675
-1.159346704856678
-0.3357773894581018
0.011952340079138745
-1.1521157606829329
-0.3740076808961973
0.0370640075362075
-1.1393295523581761
-0.3052370717215689
0.035474310131338886
-1.1603197789598017
-0.14900310978402562
0.09173804367687413
-1.1853302873506293
-0.14900310978402562
0.09173804367687413
-1.1853302873506293
-0.29992333514177993
0.040745486120513257
-1.1619971640731328
-0.29727291001457967
0.018445026852181304
-1.1689793863866245
-0.33337946080299913
0.03810860257238522
-1.1570077267507708
-0.28543788817670446
0.0746810459964956
-1.162058760309318
