-0.5157500630913313
0.06395606660355863
-1.1935293389978738
-0.5157500630913313
0.06395606660355863
-1.1935293389978738
-0.44174814058370504
0.03422577553205764
-1.217332592537665
-0.43505997664715146
0.06767600604580036
-1.2140294271961953
-0.4855627471895316
0.060506247959179894
-1.1857362995139555
-0.4755600864142959
0.10416226133329008
-1.1927969061680719
-0.481256253855491
0.06306599333655744
-1.1869114601168227
-0.4199455256605656
0.09256731540070241
-1.2066044666711464
-0.45669902172401045
0.056851837932329126
-1.1972837987858416
-0.417519306711464
0.045492162118481325
-1.2169445743758807
-0.44076391846802526
0.08350124077578178
-1.1946236755269721
-0.4642509565767834
0.0889206246275763
-1.1864298200450114
-0.44452860051701454
0.07132723724928715
-1.2021823602688078
-0.4408754017795026
0.08505990346516841
-1.1973286371181429
-0.4261937443000023
0.07578474246251361
-1.2039026231110754
-0.4232983612733619
0.09843954145710955
-1.1977029443506264
-0.45146323494093554
0.09448405205075092
-1.178766396953794
-0.45598214431894635
0.0862314027101048
-1.1846736203138102
-0.4463830411163126
0.09200399436337993
-1.1899681452689295
-0.42516817467281454
0.07916107497298633
-1.1959776070970998
-0.4389073695974247
0.08309037957509807
-1.187708983577552
-0.44435952027087805
0.09964922262533904
-1.1696076846329104
-0.42745983619087513
0.0873165291944877
-1.1842783228347717
-0.4325801451312018
0.08317013754444896
-1.1844938216598324
-0.4340617755115098
0.07352310251480425
-1.183025097436816
-0.43814931480605374
0.06979542613535566
-1.1788558519144878
-0.442334968890055
0.08174893217661663
-1.1731637808443818
-0.3922001804527394
0.08946609563728594
-1.1959749133369337
-0.4089917398529063
0.0887771822334669
-1.1831548365089821
-0.4213998617384606
0.0860899535181895
-1.1829228315376212
-0.4125943711073494
0.056868115752286626
-1.1820191580371269
-0.3992747179321582
0.09720501203891743
-1.179267442998489
-0.3973846339409855
0.05194144430070131
-1.1841623288903433
-0.3685349701701192
0.07840848437683838
-1.1884104172517127
-0.37374620155337046
0.09713682560431605
-1.1860930798240947
-0.3792663728385207
0.08859735910019544
-1.1797119579632571
-0.36582723243152365
0.09118852897980335
-1.1790090208619406
-0.3489446239867797
0.06075911896107288
-1.1956915653257407
-0.36223530398156834
0.09127703168294123
-1.1826265667008273
-0.36565543905483877
0.07143514669410186
-1.1895653775342367
-0.3791143451464674
0.13989320381651932
-1.175063471953182
-0.3251261559038584
0.11595193068276359
-1.1957847698756725
-0.36013937452486766
0.12753467733254775
-1.1754495638256321
-0.34992493582037626
0.053874950204491644
-1.1838745203786887
-0.37310412238706814
0.019766563120884123
-1.17975517648449
-0.33248842643183835
0.11839742990251506
-1.1803713279964756
-0.33185756122154836
0.11329053811996763
-1.182343023851833
-0.3250755158643425
0.08062771976176168
-1.1906881278791035
-0.3111330454489626
0.09902335564772163
-1.1835718286942924
-0.3166812509588603
0.05864813701699529
-1.1913429274038623
-0.3366048604953162
0.08647333087272412
-1.174912076181031
-0.3187681675624763
0.08319660978168086
-1.1878907719854797
-0.3975397907046245
0.04691846183194047
-1.1682568510315952
-0.2951226140259462
0.09913485606683707
-1.1979407357900786
-0.3489966606726877
0.028531014987572136
-1.183710850806216
-0.3423316635504537
0.045129334132419666
-1.1864891750515665
-0.33579693944545586
0.1159181220069741
-1.1759629278621226
-0.34699548115580997
0.06290097732351875
-1.182784789454514
-0.3258483371678116
0.0379850568470224
-1.192113420422031
-0.29643479679911566
0.06998376669484932
-1.1923985473934893
-0.344586068559251
0.04980614683565742
-1.1856676684094243
-0.34373101161966374
0.05057606763350061
-1.182388456459092
-0.3318781985707281
0.012149871997423295
-1.1815046919237886
-0.29380610087471415
0.057209755793559754
-1.195994796812962
-0.3231911403359475
0.06734355011009452
-1.1886131122294241
-0.3413567546426596
0.05084342065547825
-1.1772625332171904
-0.3515972639084044
0.07409817139714174
-1.1745973258868463
-0.3552504291733547
0.036418942241231975
-1.1795877473984764
-0.33685928672478643
0.04741618897084322
-1.1872572014858347
-0.31434231854523287
-0.007079663624531148
-1.1978829912357958
-0.3217419346549618
0.030450251877860886
-1.198503132012776
-0.34499602457641126
0.017955767156342176
-1.1815049093999592
-0.34675498080261763
0.04643886925317645
-1.1796935657552958
-0.4041192160076208
0.04559608977336389
-1.1604528746716047
-0.36470720934611306
0.04874042293985386
-1.1760301623332268
-0.34905365054976634
0.010165063619058242
-1.1819748342051561
-0.3392296083733579
0.07711286265753965
-1.183097924066099
-0.38948004496007016
0.027916443973330433
-1.1703656705598997
-0.3020047677829806
0.028366284593823232
-1.2023150057091145
-0.3290099882361115
0.021583943458004646
-1.1958208455304618
-0.337664384631713
0.08553688858885745
-1.1854963441711366
-0.35554950795489765
0.052564866316981304
-1.1843987067117776
-0.29415104042274426
0.07334671619547774
-1.1985655078191424
-0.3196047852853703
0.05221330352812018
-1.193657573978371
-0.30181125822586985
0.07319279533615101
-1.1970368928534154
