0.9698154228148771
0.10247745340170585
-2.449295592058119
0.9698154228148771
0.10247745340170585
-2.449295592058119
0.9698154228148771
0.10247745340170585
-2.449295592058119
0.8441222134715356
0.10245568624175995
-2.5098281786449097
0.8441222134715356
0.10245568624175995
-2.5098281786449097
0.8782470306986565
0.007662324076657358
-2.5098867200617985
0.9243266176415521
0.10780987085698945
-2.4591699764387887
0.9243266176415521
0.10780987085698945
-2.4591699764387887
0.8580678000288606
0.149868207414845
-2.4727714380003993
0.845389398071786
0.024847223384159067
-2.4981806160277267
0.8336785495897792
0.32640822716387236
-2.466532643667023
0.88177631534707
0.09320545599628133
-2.4690911914941998
0.8046340162669052
0.13831984749819767
-2.4816233044372806
0.6535920976701672
-0.047984131360037895
-2.562727462044139
0.7581659134865079
0.0634925757302257
-2.544649327508923
0.8387814084309048
0.035089199440437785
-2.513289984795781
0.64413890806324
0.004346873679759856
-2.5628075769734475
0.735825333844773
0.1316907639667781
-2.5086209682589606
0.7788743241892518
0.03701273195297729
-2.5349079944924515
1.001849154244429
-0.0029764893151090805
-2.426851959331178
0.7427383473872902
0.06284565157104773
-2.5306307050150987
0.7181263731711991
0.2552573699525285
-2.5256049270313863
0.8449446760384862
0.05452542752764646
-2.4829347614390325
0.9138635792430674
0.0662630381245701
-2.455965483956758
0.7644676530227054
0.024392057426767172
-2.51972349504772
0.7789843627553875
0.22910795916935064
-2.488751525095986
0.9908826365729081
-0.06783715137565181
-2.4267658495460513
0.7197505791884714
-0.012265987593855264
-2.5349712712828096
0.7815121060343364
0.21241648654182832
-2.4962722411578344
0.8771345826875371
0.14809392893490925
-2.4657678904899183
0.6644852571471161
0.19438093897733094
-2.5369629217972607
0.6924243358991136
0.1485362350140065
-2.553484826009608
0.8562639419349071
-0.0466468298179609
-2.4811001710280762
0.6671665007837061
0.11707328283651114
-2.550405490877314
0.5747821262885814
0.083172251552594
-2.5717212945335657
0.6532414010574561
-0.02551331168853667
-2.5669688208415242
0.6316230545589259
0.12373251715366028
-2.543562700980307
0.7488690387946317
0.1045205432595764
-2.5086699565895207
0.6292200762522954
0.15475463738331532
-2.550095213072248
0.8013296733436986
-0.05186214038554438
-2.504276594617011
0.7352941650594548
0.12909633877819665
-2.5154963538093944
0.6399930253011594
0.07182271154596928
-2.5635685252177067
0.9238756993546836
0.02078720125268718
-2.448774814341051
0.6569956447343756
0.20288586565257927
-2.5528863619226057
0.5944591219706692
0.07871915848308049
-2.5600207556978223
0.6645605860391804
0.11594554122763838
-2.5355060853327966
0.7307618881191682
0.052345762619125304
-2.5356322054526252
0.6385479557529766
0.12461205834653555
-2.533314366875933
0.6446149517869528
0.11034642190770942
-2.546267181895421
0.6446149517869528
0.11034642190770942
-2.546267181895421
0.6776417838841503
0.051844279452784414
-2.5335044686873314
0.9079857977961209
0.15767742385511185
-2.4487977485774923
0.7221564629456403
0.09931883742392601
-2.5103622727377832
0.7833681296735673
0.05515708989407028
-2.5094067508639273
0.7764316874049689
0.16787074979531097
-2.5194956407481754
0.7293901592368736
0.05503496677218789
-2.521432669172047
0.7293901592368736
0.05503496677218789
-2.521432669172047
0.6454112727945729
-0.008020559962177591
-2.5538845837054933
0.6404538249571103
0.14250645742988374
-2.545247982080553
0.6240470773686478
0.14462381575999297
-2.545385061319803
0.742375484547081
-0.009338937129391352
-2.5175965134225913
0.42471185440446313
0.21761102884733613
-2.6102809585705264
0.6698870784780743
0.055421930334586825
-2.5491715814341953
0.6451201000376571
0.08010397628024447
-2.575125735080995
0.5588682280611982
0.15791460778386457
-2.585214489768655
0.9228108406091949
0.08908508567269867
-2.4407449618679373
0.8049736810291355
0.10156377682769571
-2.478653307063456
0.6794261158516587
0.12591267122827562
-2.5528324703482057
0.580723820761374
0.03939117521156957
-2.579704873655288
0.7398359469964645
0.16456554528543915
-2.5269377726643403
0.7304994850427481
0.16502334018444093
-2.5275220336833777
0.7211665030306184
0.1945478004471838
-2.525335292860522
0.718689035360677
0.18051406322333713
-2.502406990561198
0.6563442563098232
0.26616554865787306
-2.525669813909111
0.609876917095789
0.1285008373198671
-2.5572806465325804
0.719917650794772
0.16439166237164857
-2.517914940436853
0.8663634777346751
0.06712903744429483
-2.4842198440155943
0.7379354804899464
0.101207733448388
-2.5223566692223636
0.8572866533833997
-0.028998546897621703
-2.486235925832821
1.1231565098242382
0.1026024934254895
-2.394577717776533
0.7490884360142986
-0.06419159469995314
-2.513428990022398
0.561700675548666
0.12813028725132564
-2.561574262105452
0.4862413999605996
0.05127931808051401
-2.5986170090599208
0.8408246047526757
0.08129821596539977
-2.486835700753424
0.7372781486420844
0.09401122248969108
-2.513215107961313
0.5122231585502656
0.238796217527797
-2.572218713194203
0.3329486313965602
0.20438048240380668
-2.631342125861537
0.7030652122709804
0.09231697041174448
-2.527232594196276
1.016431155583066
0.11647185395345919
-2.436577516150316
0.9507051220513039
0.35882956532847643
-2.441429219966483
0.9507051220513039
0.35882956532847643
-2.441429219966483
0.6585300956012864
0.0015736072750523434
-2.5374626189306095
0.46642521933009856
0.032657610010380464
-2.602386473830389
0.46642521933009856
0.032657610010380464
-2.602386473830389
0.5052539460370193
0.22291540584019565
-2.578487511778258
0.5052539460370193
0.22291540584019565
-2.578487511778258
0.5052539460370193
0.22291540584019565
-2.578487511778258
0.6747199999643212
0.13133811062516845
-2.553930070391872
0.4886578768509717
0.01745092254257923
-2.6033652644356993
0.5931506487847574
0.07759620087906965
-2.5804779385996937
0.9070626346102769
0.27199993280466994
-2.462209512498828
0.617406964414513
0.08847277739582649
-2.55369312873331
0.5169497567918142
0.010897732768763109
-2.6025151742009136
0.6179204418066139
0.06400100198647955
-2.581521863865018
0.626642941217605
0.06749309183746581
-2.5807723352414174
0.626642941217605
0.06749309183746581
-2.5807723352414174
0.572361995894352
0.13479010693836893
-2.59136850560446
0.46573758093051737
0.08106893966539046
-2.618465041702541
0.46573758093051737
0.08106893966539046
-2.618465041702541
0.6791315063533103
0.06866596978773042
-2.554333317279687
0.6791315063533103
0.06866596978773042
-2.554333317279687
0.6791315063533103
0.06866596978773042
-2.554333317279687
0.6793246512416403
0.2756999925691763
-2.5333507795225536
0.7197707537602878
0.059750575176654414
-2.554296443252726
1.1075460315114203
0.08501397873359542
-2.41487515941072
1.1075460315114203
0.08501397873359542
-2.41487515941072
0.7992546704437089
0.09166899753162426
-2.5186172275718044
0.6735882413097086
0.12987790842863428
-2.55482619163892
0.6249180040333691
0.06558858151052517
-2.5923029768913626
0.5633783225546561
0.15812343398681575
-2.630183451103148
0.584375013890524
-0.04588587828327871
-2.6117875701812947
0.584375013890524
-0.04588587828327871
-2.6117875701812947
0.584375013890524
-0.04588587828327871
-2.6117875701812947
0.6117928756982185
0.13689033165014322
-2.59397581774132
0.6117928756982185
0.13689033165014322
-2.59397581774132
0.718850903197508
0.039780224820403186
-2.5576802437456774
0.718850903197508
0.039780224820403186
-2.5576802437456774
0.5112437612414885
0.15188003353343002
-2.634645464268829
0.6240397554462652
0.044478230568116235
-2.5981189633137145
0.6372635547539364
0.042672065992685866
-2.599137359974823
0.9563740134671693
-0.03289829826618057
-2.4806557821790083
0.8627551195462235
0.08663829165173731
-2.5174096260169434
0.7966737326061301
0.025402151698631952
-2.52771911222198
0.8088998798049739
0.15789997304988523
-2.5421806639352913
0.7114632044151632
0.17730705021296397
-2.59074738473557
0.7667520894445277
0.08828060995182796
-2.545767142315313
0.7284681690746341
0.020414543992160236
-2.5823100671644035
0.7284681690746341
0.020414543992160236
-2.5823100671644035
0.8574726573803316
0.12514089058996417
-2.5275169994108757
0.8574726573803316
0.12514089058996417
-2.5275169994108757
0.7036647927746472
0.10581561904759229
-2.603592614403079
0.643115970927591
0.16616942909807017
-2.6396945073337204
0.643115970927591
0.16616942909807017
-2.6396945073337204
0.643115970927591
0.16616942909807017
-2.6396945073337204
0.9563692865984947
0.08480476769418599
-2.5271683300325183
0.9563692865984947
0.08480476769418599
-2.5271683300325183
0.9563692865984947
0.08480476769418599
-2.5271683300325183
0.9563692865984947
0.08480476769418599
-2.5271683300325183
0.9563692865984947
0.08480476769418599
-2.5271683300325183
0.8198036251326389
0.012209510490330342
-2.561905408278534
0.7036255569333429
0.02882591375153079
-2.5996333340851376
0.8378068438864003
0.04467527076984186
-2.5654705051284172
0.6567003822875833
-0.07413106721648968
-2.6204871594512746
0.7318937032579889
0.02453922611652167
-2.6070401227925535
0.7418404006218782
0.024087000530174298
-2.609337266141867
0.752140285676992
0.023612726055584173
-2.6115449901218124
0.6968254778515846
0.07916611194649381
-2.629448657299633
0.761820971461776
0.01968372638788377
-2.5770052038811837
0.8299143011681057
0.0646514455191444
-2.5591840516398054
0.7966333736062201
0.0007117204450343905
-2.593700571406688
0.7302144275088455
0.09513918427571785
-2.596456566698604
0.7437004882114253
0.06873935506731373
-2.5987143434601876
0.8143848027128296
0.0172588116563623
-2.583130724120958
0.8265855814178179
0.016699608564543302
-2.5838321236893163
0.8825323224848244
0.05589527431641283
-2.5288130919546354
0.8032515461741776
0.06338253888791394
-2.6014835560190726
0.9277537597191338
0.05496334245202943
-2.565745719316661
0.8868055459784546
0.1113294381447556
-2.5418431748564494
0.7740754869526253
0.1965607463263585
-2.593149103781474
0.9357952644147346
-0.03694808079193655
-2.568693936880047
1.0204045474989643
0.25131758371647334
-2.4784773163679623
0.8464923914376858
0.11398938602326285
-2.609275337562902
1.1063449366356968
0.05164303767784501
-2.4825412495232086
1.0247060103144432
0.17085902496282449
-2.538702826368953
0.8573867035391806
-0.0065677026189562395
-2.614980797791945
1.1511960531478127
0.07806381957876843
-2.4645882434475155
1.2035511340436604
-0.04964316711675261
-2.4637007328652043
1.2035511340436604
-0.04964316711675261
-2.4637007328652043
0.9450338367372281
0.08289770569379112
-2.586987824980359
0.9450338367372281
0.08289770569379112
-2.586987824980359
0.9450338367372281
0.08289770569379112
-2.586987824980359
0.9450338367372281
0.08289770569379112
-2.586987824980359
1.1110335261979076
0.06238690472093407
-2.5069331273393805
1.1110335261979076
0.06238690472093407
-2.5069331273393805
1.1324076457213124
0.04836913738685823
-2.5126103488026788
1.2731380393560836
0.08194193591357479
-2.4506332352298905
