0.5257125415887948
0.11762697716655816
-1.2756810334345083
0.5257125415887948
0.11762697716655816
-1.2756810334345083
0.5318280859862702
0.07482512958667743
-1.2795086305374086
0.5318280859862702
0.07482512958667743
-1.2795086305374086
0.5119007693854494
0.13204769933468838
-1.2790084608447025
0.5772039423424925
0.05663318272125443
-1.2515189046722526
0.5772039423424925
0.05663318272125443
-1.2515189046722526
0.4931843771361395
0.14851254963152072
-1.2826323743244898
0.5180565712980012
0.06464811126301866
-1.2716970318698209
0.4691938191003854
0.1048967074087659
-1.3008782465758644
0.4591006085360324
0.1038172692100125
-1.2998618171870173
0.498960405666595
0.09277409397158606
-1.2832778475347042
0.5061734540454058
0.017864868261239886
-1.2893800023810884
0.47006294896263395
0.11854403735828313
-1.2874716142034621
0.490741913737108
0.08081031233426063
-1.2798622188141326
0.5371544639701246
0.0891732349896063
-1.2674337217399003
0.5421145533092481
0.015953018018346084
-1.2634157118118943
0.49175870477060907
0.11900103495270171
-1.280152731033388
0.46110770355617275
0.09511978827099635
-1.2952828783308998
0.513234459822418
0.06828660996618555
-1.2756697418671936
0.4968938160773465
0.09371701462198576
-1.275666865053741
0.4791385795716418
0.08075520551623522
-1.2907349894523712
0.5338558171506899
0.08532951921256343
-1.2656395376690637
0.46682237759274936
0.11354501597998957
-1.289996362322549
0.492796761320161
0.06681874427392492
-1.2766484991850962
0.5034135227605955
0.08081907740136919
-1.278813197138527
0.4490570021053907
0.08413497852878522
-1.3061704016790352
0.48405505272604427
0.11744272202859855
-1.2746221680934489
0.4273006816088431
0.10496961216580018
-1.3088813227133202
0.49610066512414885
0.037340352837944596
-1.2729846614153815
0.45401865761321786
0.06794500625251149
-1.293990648522727
0.442044194810386
0.11025701834007876
-1.300660898986394
0.4598598389947308
0.10355840180168818
-1.292652937128426
0.45148964264348634
0.10351611069251371
-1.292914406079654
0.44083731685671035
0.10027796149651942
-1.29674904618299
0.47277610943597315
0.08018987366608776
-1.2866671099323699
0.4361365000077659
0.08504292214124093
-1.296169419777328
0.47580045491792283
0.11310866273556258
-1.2759983504862238
0.4580220722748713
0.10060319967770939
-1.286493808211529
0.44182227066546576
0.046239240670695896
-1.3033445390827487
0.4686223948408408
0.09754324644698145
-1.2865121154877444
0.47540893727709993
0.09644027049419703
-1.2921831047701489
0.45879104411177946
0.06081221549001025
-1.2959952547049158
0.4445842366562823
0.1096668319070404
-1.2931446579074053
0.4542013340774989
0.11464057830031778
-1.287391964490005
0.47996010878120204
0.07379075262945758
-1.2878281575199886
0.44636461803212213
0.0851777500714018
-1.2971150303781256
0.4590057134793305
0.08973983309274283
-1.2913509934114342
0.45208957363031665
0.09280209152464959
-1.2994405036648027
0.4362069063306939
0.10225186950503183
-1.301987235023679
0.4087011959819936
0.08148208681599808
-1.329831949036991
0.40185501500703197
0.13257402895716008
-1.316663199889428
0.42144157034481267
0.12585990384537749
-1.3078156134305965
0.41988926077492916
0.11159014860650027
-1.3101208789885563
0.43387274587922753
0.08720069961509556
-1.3024481759090023
0.47370177168136424
0.07153133943205972
-1.2985392687608417
0.45667536122416624
0.03061950853856541
-1.3076757780025436
0.4904029452298948
0.06513220593528624
-1.2938705243180004
0.4375188530314596
0.09680426648745834
-1.3097399313669698
0.4316634355333918
0.09448068521111114
-1.3115576046821815
0.476555867952261
0.05154510608179081
-1.3088141326801401
0.43548163036161436
0.03351217798256772
-1.3183261104095991
0.47730054089019386
0.05547583609200424
-1.3070650913471924
0.4412353611410869
0.08776784853203905
-1.319748572529746
0.5232452830080575
0.04608696271788085
-1.2919818072725868
0.45238262346577235
0.07916974947664461
-1.3215588775096727
0.4353024441306644
0.09892979447808063
-1.3293877799548246
0.4375134379870637
0.06363993689369123
-1.3351840870854328
0.4121908087812745
0.06419123747596953
-1.3458838994562243
0.44070214440800365
0.0743823535384016
-1.3313951394487762
0.4624232346326837
0.058064885385535454
-1.3286264453683316
0.4786092021857585
0.07484214316381702
-1.3217374833500055
0.4381183273545664
0.04937247290699122
-1.3396528909195127
0.5148682764937983
0.05053774475304288
-1.3038138957921206
0.5015422037013696
0.05090799610408523
-1.3091541553894215
0.4987305919105991
0.020844140081003878
-1.3167326428574688
0.45003564916942995
0.06628886015945182
-1.3269991710436277
0.4687931582867436
0.026037858711465335
-1.333033842090217
0.5340385519818854
0.057515321818710205
-1.3028681731084018
0.48569331763355283
0.06835231818667858
-1.3233037770260743
0.43136462198010794
0.06492827314488442
-1.3440834217836009
0.4103094173189299
0.06780126575856747
-1.3651306651796784
0.45690930839785876
0.07807147466272381
-1.3293083763047013
0.4520398111780763
0.06191345594593849
-1.3469136571237683
0.4653817275766844
0.07960337997840412
-1.3459396724546366
0.43219765336123944
0.07216023904799061
-1.3587741174776493
0.4049091742302166
0.07476870017727658
-1.3700540158467764
0.4519073692500184
0.08302908114062735
-1.3347878871342196
0.4706701754624912
0.06126031589839356
-1.3334607892059684
0.4406124413910254
0.08332820066275858
-1.3489545694670186
0.43942408313777026
0.08599567759892777
-1.3481959328208615
0.4288879546630503
0.10540831410307572
-1.3591215888145618
0.44115338253414466
0.07216218912634878
-1.3605874732363845
0.5181487010274417
0.0959989526011163
-1.3232195067429566
0.4875918718579118
0.06736652300174475
-1.3365290292329104
0.5009856997553042
0.0668033826636171
-1.3329448778198998
0.5078214998826847
0.06549115817942064
-1.342285220373652
0.44879604064996
0.0860178834128053
-1.358259410964059
0.4665763168332693
0.07082793488567309
-1.347520115326273
0.5164127434505397
0.07417055771042314
-1.333329659812447
0.5026662295595273
0.0583121899700156
-1.365324908852491
0.45487768836586834
0.030574201654309824
-1.3842845047677574
0.48122163476959107
0.07976318379375913
-1.3705934708133893
0.511695142385782
0.022387726508104566
-1.3580597563816366
0.540256053205962
0.06705652804417608
-1.3387601147602246
