0.734896904242488
0.0885392649070839
-2.5374001493133926
0.734896904242488
0.0885392649070839
-2.5374001493133926
0.734896904242488
0.0885392649070839
-2.5374001493133926
0.734896904242488
0.0885392649070839
-2.5374001493133926
0.734896904242488
0.0885392649070839
-2.5374001493133926
0.734896904242488
0.0885392649070839
-2.5374001493133926
0.734896904242488
0.0885392649070839
-2.5374001493133926
0.7680967514907385
0.14658062398408514
-2.518304956481298
0.7680967514907385
0.14658062398408514
-2.518304956481298
0.7909745228071536
0.07879225845767795
-2.5127343999767944
0.8129084300285622
0.014724017536326994
-2.5028146191864282
0.7938511093521116
0.014008646680665204
-2.505006566886416
0.6591895542763287
0.04871956284017597
-2.5764051832836823
0.7530511868730261
0.012409972168702137
-2.508948879161388
0.8511314628781695
0.14273540655355346
-2.482787458362373
0.6738467019945162
-0.06327236156923027
-2.575726292777307
0.7083317342403302
0.12432926121725811
-2.5407228708238625
0.8399724668317964
0.06529211184396431
-2.498668987624158
0.6647209957989721
0.12953181869369929
-2.541024275246939
0.7682322317503517
0.009987430564737543
-2.530573593034196
0.9011574204858989
0.05604380919256458
-2.478600297605616
0.8388474905788679
-0.014730723361834685
-2.495924513649047
0.8182692255990047
0.02438114762225552
-2.5176252993080985
0.6232197418199777
0.08463064966315556
-2.5643079361799628
0.6867001389772982
0.12114130797121969
-2.540846908687157
0.9345495958941819
-0.06803410169886147
-2.460091712150134
0.7155941988446213
0.07257160648931539
-2.526315507503916
0.7394745276863198
0.18105876318553418
-2.521793996142608
0.6889252281567283
0.26820730916498337
-2.515876310479308
0.718559120076414
0.1839063985198929
-2.5165324065342682
0.7575172692753024
0.1296541522826033
-2.508565825628928
0.8486478855604593
-0.003979212809026839
-2.5038952238735988
0.7869265602324762
0.06211896643739554
-2.5178157366616967
0.7412682051262428
0.13670652893259033
-2.5388646669434993
0.8879860337859175
0.14542870567326127
-2.4463221415305076
0.8238926562623858
0.11997789993084634
-2.4896834999030064
0.8168541305026611
0.09935854403951902
-2.4889104893497103
0.6241203939137177
0.08219815403805346
-2.5805844578554833
0.7029837637633368
0.12696080936967438
-2.5300190025967555
0.8043379362747054
-0.0019349073078701333
-2.5016429115628527
0.6844227506329381
0.13997221360874051
-2.5248513242030355
0.7225157568359561
0.06409282829188165
-2.5381554630506953
0.8839701004259939
0.009701464521303048
-2.4840424988026233
0.7040623943249316
0.06485904688059695
-2.534819919798289
0.8753002152478317
-0.09160078761713071
-2.473668159069168
0.7215663644093531
0.1832488642406308
-2.5277961434513885
0.7609434410894729
0.1266344077691852
-2.519404424367263
0.5551291643044356
0.24628429231513452
-2.572484195532669
0.8487028682609478
-0.007427140300988455
-2.488194710244977
0.8020898191658856
0.058023313555246724
-2.5169759068886384
0.6356774661248192
0.07212090221112996
-2.5631767670997525
0.6210095732622586
0.030254965740307647
-2.56338190621465
0.8640148905576466
0.029339803837722552
-2.4888963152657095
0.6773422284461401
-0.053273444710216736
-2.5822418662555373
0.812831930205262
0.09902377256071254
-2.490055069598746
0.7733209984724512
0.008182591664022212
-2.5054517012017836
0.7847364787715251
0.11733918903199121
-2.511219694582588
0.7009099431061772
-0.1031962164559176
-2.5553262624175477
0.7738410464848247
0.0056433728924103945
-2.5295476525666265
0.8040611475586651
0.03370633996416653
-2.4974484192489097
0.8056495610515559
0.1802111494339608
-2.4821194226890433
0.858697588526968
-0.019718402912303375
-2.4918355320742287
0.8322348373455809
0.09232917925054067
-2.4981379376521367
0.5699332006070111
0.16397298480511335
-2.5780717396916426
0.5699332006070111
0.16397298480511335
-2.5780717396916426
0.8558740606286518
0.01849173959745787
-2.460837697267705
0.5942899418729704
0.050369731576921255
-2.571310926030884
0.6037642980990048
0.06656484383427423
-2.5831736185466685
0.8381437276818998
0.036488946000949256
-2.497018110749979
0.8269797452872936
0.03795848477633694
-2.4974820101267152
0.6336856599483
0.14408317751647673
-2.5843876997595014
0.6336856599483
0.14408317751647673
-2.5843876997595014
0.6048197054754124
0.14814171582671623
-2.5847326574814797
0.6809140945595743
0.1847696553452141
-2.557353177246944
0.7738186145196105
0.03456533826890355
-2.4999620693606497
0.7738186145196105
0.03456533826890355
-2.4999620693606497
1.0469079256307023
0.08021265548031303
-2.4363810005412767
0.6384973163801492
0.19303251193724583
-2.5577091806577816
0.598489012085935
0.036290453604549
-2.578548464553933
0.6107222662730751
0.19510030693854838
-2.5585195566134473
0.7272997726031831
0.030494819185237863
-2.5411937677879655
0.7885293043532972
0.07807365074412681
-2.518958892180477
0.5472443239855692
0.03414283424090542
-2.581586948811474
0.7734816569883066
-0.04179243152680873
-2.4980832348524227
0.8232044738662813
0.04550614448186309
-2.5040048238647645
0.6492824781476156
0.26611255861366095
-2.5260508713583585
0.6023408565596919
0.12717356610601396
-2.5578550358933465
0.6851089370856847
0.1650455666735898
-2.530926677688799
0.8174165186179655
0.019661206653017523
-2.5440549066893157
0.6432439090626866
0.2912857295031345
-2.5370210370284907
0.6489736694062797
0.01829428669571514
-2.5477870890847463
0.7212775091539446
0.09817280896039603
-2.524217219504353
0.6892364052195539
0.16398002586201232
-2.5206875945717497
0.4360946023926874
0.194424491811494
-2.6119669049544116
0.4360946023926874
0.194424491811494
-2.6119669049544116
0.6538293832028589
0.027434703499280136
-2.5620893689862556
0.651269050691699
0.025828309163888293
-2.5624856545102253
1.0123329441326243
0.1184152682191874
-2.414550033410035
0.8541564269694878
-0.05500300318346599
-2.501634169993862
0.571308168061801
-0.08773055091528
-2.5779090761946035
0.501983083635052
0.23103403342767423
-2.5760306228205194
0.5731808669569595
-0.0920420607534902
-2.5780240936259253
0.5731808669569595
-0.0920420607534902
-2.5780240936259253
0.5048921133098933
0.2234561532630077
-2.5783376042712116
0.655164971325462
0.011701856782556285
-2.564232989149005
0.8082490986338958
0.12156989996433107
-2.492159793286535
0.8646513550112108
0.05938608893923398
-2.5023695667759305
0.813665562924294
0.13888610278293143
-2.4913255052153267
0.6288151865257047
0.2332552466758212
-2.553589789783329
0.7512619718034164
0.056650044731136856
-2.542472932986736
0.7512619718034164
0.056650044731136856
-2.542472932986736
0.6132994997040475
0.07100463767849141
-2.5807551387326915
0.9954344978633762
0.050765644490651594
-2.439024245947371
0.8984247807436337
0.05169135253742591
-2.5013181326864804
0.8984247807436337
0.05169135253742591
-2.5013181326864804
0.7363708879809849
0.12057059473479215
-2.5296926071715458
0.47826364330918647
0.07764227772783629
-2.6187125374973723
0.47826364330918647
0.07764227772783629
-2.6187125374973723
0.47826364330918647
0.07764227772783629
-2.6187125374973723
0.47826364330918647
0.07764227772783629
-2.6187125374973723
0.760349218530139
0.12286768273315603
-2.5168184785815013
0.46744461585316216
0.20761218088306413
-2.6202905952066917
0.6564011840064014
-0.02738276614513528
-2.5737422742150136
0.7844745522785946
0.1382525688694691
-2.5159102579297747
0.5967782767868302
0.0744792460693577
-2.591434881275335
0.5201467067938655
-0.043791026493488046
-2.6106355877983116
0.6766724018179054
0.13366405550066007
-2.553920553619274
0.6274808981645341
0.06770804611052736
-2.5920297941184334
0.5668882336563299
0.14364952223643546
-2.601586654895879
0.6241346030815774
0.049907745984416
-2.5804776152205364
0.6355581128181367
0.04868944776731522
-2.580596543415553
0.5915891353556337
-0.03964467405325412
-2.611968164785651
0.6704408663784308
0.05715853521393812
-2.5547325650379453
0.600108346320131
0.1488801607057358
-2.5913862782944146
0.6140636216590497
0.14508189601611035
-2.5922370908940855
0.6953654878984095
0.04325704702690766
-2.5817875695652925
0.5423040720012113
0.05012135449437991
-2.6212623773900043
0.6837317553237064
0.135229664629615
-2.5806195280308217
0.6172395453972854
0.22639763217042272
-2.569827478524276
0.6262752462584699
0.046867854883604634
-2.6072049825551034
0.8604893061231257
0.05320264119425025
-2.5074172385784386
0.7036325780248807
-0.03252362297450555
-2.578315509424692
0.7036325780248807
-0.03252362297450555
-2.578315509424692
0.672843078873012
0.20808295280503064
-2.578300579365256
0.7365967372436204
-0.034778304889718205
-2.5812107886653344
0.7476807917085704
-0.034563935867243774
-2.582401923274055
0.7476807917085704
-0.034563935867243774
-2.582401923274055
0.6455250156782081
0.1332274820814466
-2.5890846467642357
0.6455250156782081
0.1332274820814466
-2.5890846467642357
0.6455250156782081
0.1332274820814466
-2.5890846467642357
0.6823027113262322
-0.02201925064794378
-2.6020023563166235
0.6421108954705007
0.19095471175578294
-2.6051576923048674
0.8965201081945243
0.2519456816967157
-2.507032422921752
1.0340110973401113
-0.023422726435839453
-2.485350132784158
1.0340110973401113
-0.023422726435839453
-2.485350132784158
0.9035606569242671
0.04373091157607
-2.5231952335907177
0.8584972438327181
0.07269846567048747
-2.566031524832617
0.8584972438327181
0.07269846567048747
-2.566031524832617
0.9177006116415026
0.13916506773567155
-2.5094668829103473
0.6220995919941044
0.11448264605998663
-2.6447236344117755
0.6264930215709049
0.10974281616503348
-2.6083317670259816
0.6264930215709049
0.10974281616503348
-2.6083317670259816
0.642054701801616
0.10439539172689026
-2.613271614743621
0.642054701801616
0.10439539172689026
-2.613271614743621
0.5996001151136012
0.024193776884175035
-2.653589444152034
0.6722009730955582
0.10071909381773879
-2.6210506789264634
0.6769891815340061
-0.056821440746834415
-2.6259304906196976
0.6769891815340061
-0.056821440746834415
-2.6259304906196976
0.7984484685112342
0.2528362628424386
-2.5779340578939314
0.7984484685112342
0.2528362628424386
-2.5779340578939314
0.7228150950234838
0.088843565032894
-2.6319890221380846
0.7228150950234838
0.088843565032894
-2.6319890221380846
0.7228150950234838
0.088843565032894
-2.6319890221380846
0.7228150950234838
0.088843565032894
-2.6319890221380846
0.8338589723414397
0.13818365603457575
-2.575397558476888
0.7309066943785074
0.15627662201111203
-2.609313166721856
1.0073778723757125
-0.0030493602464878398
-2.528379810426111
1.0073778723757125
-0.0030493602464878398
-2.528379810426111
0.7157900289900391
0.07707017395222926
-2.635567844155145
0.7401321057483735
0.07452116650882869
-2.634808605114508
0.8851174559268211
0.06441341873103526
-2.574176342733916
1.1127787990145293
0.009698931619015234
-2.471711195726772
1.092163416191883
0.05275104075575499
-2.4862165126189235
0.8458407805640982
-0.0469153939561098
-2.5863484025199557
0.8163186899937808
0.031701437074910535
-2.6024106990177254
0.9161472430308276
0.06954990884509517
-2.5925097993200334
0.9381549295127483
0.15649367062439717
-2.5658692952062085
0.859140583157332
0.05123279166555726
-2.605536201310069
1.2301540945709826
0.03617778781422605
-2.438051805619829
1.2301540945709826
0.03617778781422605
-2.438051805619829
1.043853347541175
0.09070392630241386
-2.5356524466984323
1.0386820690018916
0.048973801782075825
-2.570139877778061
1.0386820690018916
0.048973801782075825
-2.570139877778061
