-1.3306686134141774
0.04325336536424502
-2.270930251434213
-1.3323799399082663
0.0976703771277314
-2.2657864537761543
-1.3282889080963702
0.08718213056653178
-2.2680816358311318
-1.3282889080963702
0.08718213056653178
-2.2680816358311318
-1.2704571926152586
0.1334881815669165
-2.2987918182491116
-1.3522308294991956
0.06847321158950806
-2.2561628310977926
-1.2213374730057163
-0.01694963143174354
-2.316099093696787
-1.2253620406190813
-0.004851452562134222
-2.314787297503329
-1.11781526939394
0.14799872172335998
-2.362851529720215
-0.9553794907538622
0.10479462979198095
-2.4420989783464013
-1.1252390192800465
-0.04400031747609172
-2.3411414510130597
-0.916386463119566
0.09347316387809101
-2.4505596984028974
-0.8313548028863852
0.0760672601623323
-2.4689425483777936
-0.8190456201372707
0.15029560313722623
-2.4719044685219345
-0.6876930335714392
0.1351005144773833
-2.502503532848023
-0.7858212137332651
0.09956823577078071
-2.46444091107695
-0.7018193108127403
0.17289186679016882
-2.4710631510474106
-0.6981212303335217
0.15991665301273614
-2.5029584338963504
-0.6690016874137249
-0.14995729525958978
-2.4802223822642975
-0.6690016874137249
-0.14995729525958978
-2.4802223822642975
-0.7966725659694394
0.0284346345131814
-2.4563095421348518
-0.5733977778871188
0.21367035614171906
-2.5072936828548826
-0.801431265026915
-0.05297236320482007
-2.4370579633094818
-0.6802265124424124
0.10074352538660628
-2.461621152036911
-0.48063167195844636
0.25336991415932886
-2.516104366009316
-0.4462041612066935
-0.0003212171017729475
-2.5175480951495213
-0.7361642311807142
-0.04590534825258108
-2.456016603706591
-0.6849060862626958
-0.28162364461846046
-2.4338574549593983
-0.4170874825271176
0.08900309590794309
-2.5039343808155747
-0.6513125200163686
0.1681298842661844
-2.4550365623294623
-0.6513125200163686
0.1681298842661844
-2.4550365623294623
-0.6050655921455723
-0.12329496464847195
-2.479867617852553
-0.5509879388930968
0.08180050238772368
-2.4827692784077744
-0.5129906982191715
0.11620894267652128
-2.5027835145615596
-0.4216726802350797
0.3378295034484536
-2.471248101194775
-0.6756957834046631
-0.023374744677722888
-2.457711733320013
-0.5449879614539334
0.2006894381497775
-2.4657781477781344
-0.6226411361642151
0.017434008927275105
-2.44192628024676
-0.6450285958191578
0.3571461062220956
-2.394222264973705
-0.5680806542302328
0.2813618375970902
-2.450752846507603
-0.6451875996563433
0.3072387730396432
-2.3987303575111825
-0.6451875996563433
0.3072387730396432
-2.3987303575111825
-0.7404693467203483
-0.06714705289068287
-2.396878972137093
-0.507958154173149
-0.278958256086219
-2.4591191783973008
-0.507958154173149
-0.278958256086219
-2.4591191783973008
-0.5794096611081092
0.08133512971143038
-2.4622204151966707
-0.5603419010140135
0.08180033399868898
-2.4621384778961475
-0.5787369827293404
0.22098977146002802
-2.4359479701355387
-0.7310682395233916
0.12761305323964808
-2.4059493817795996
-0.6693259272307532
0.21316209340450773
-2.4080577145495656
-0.6345271907697038
0.20356134048868837
-2.3983049761538187
-0.46572749455024104
0.1446403393427477
-2.4961187108920706
-0.46572749455024104
0.1446403393427477
-2.4961187108920706
-0.5229570784928654
0.16681170368336737
-2.436606260985011
-0.6457748737909765
0.1295309313164805
-2.408759620599124
-0.476705778251703
-0.05221882857044912
-2.487812126832123
-0.45801190882369924
0.007173086161178168
-2.4893926003305205
-0.5214198766037113
0.05283776250472507
-2.4357318282985188
-0.6520684197087594
0.039180239865128114
-2.402645783206409
-0.6569675086488396
0.18830064651691536
-2.385322600556829
-0.5922460355163398
0.11413502615099366
-2.424982973858321
-0.6140848350565351
0.2725455602176558
-2.3933049933634574
-0.5562934492594996
0.09033247019201476
-2.4526939684155473
-0.5362923291234258
-0.024136894220867792
-2.459055414901773
-0.6325104874760304
0.17665645320538426
-2.4015151336570595
-0.4213106654684918
0.03177214292657439
-2.4787355891571874
-0.6026319989849709
0.0022177727485256037
-2.4192897725456195
-0.5300786635304018
0.10026719452036581
-2.430978948315536
-0.394294479399162
0.018171197704988824
-2.4813926171916707
-0.394294479399162
0.018171197704988824
-2.4813926171916707
-0.6037996277820157
0.1302962484643679
-2.409913332500586
-0.6037996277820157
0.1302962484643679
-2.409913332500586
-0.6037996277820157
0.1302962484643679
-2.409913332500586
-0.6037996277820157
0.1302962484643679
-2.409913332500586
-0.445445542664826
0.1422249184161264
-2.4068664231542014
-0.3346137523276551
0.10616609912831322
-2.4656178497991665
-0.5118127006836705
0.10654639901301469
-2.4019654300405318
-0.43142227207253075
0.008435684230496506
-2.42221167452825
-0.29903429543575316
0.27545085566754157
-2.449475721163046
-0.29903429543575316
0.27545085566754157
-2.449475721163046
-0.37472083290647856
0.06515767193885907
-2.4713466696767394
-0.30468703401628316
-0.18384022444267722
-2.4508576253800762
-0.14408173545242473
0.14719504898394142
-2.45353666879258
-0.43140426759635236
-0.14167845956238978
-2.424718377893008
-0.4555493496686847
0.07402999342760888
-2.4448425290836466
-0.26272733538925663
-0.03346123837030773
-2.474205412614311
-0.4841855367089623
0.006457489381750328
-2.4465928481909254
-0.3491388887968723
0.2619514898475117
-2.427407710368297
-0.04121787393992343
0.27820940919400555
-2.4488757363629508
-0.04121787393992343
0.27820940919400555
-2.4488757363629508
-0.031396243362200385
0.21475495579421208
-2.4681833771572053
-0.3002864637288542
0.1682595963625839
-2.4413760842053787
-0.029732643057498575
0.1317469852137945
-2.486106812662641
-0.024382681125921367
0.08136207893534604
-2.49465279698532
-0.31690263071650027
0.23350156408060016
-2.436473711011462
-0.18786519378559854
0.25476568581735065
-2.450332314120966
-0.18786519378559854
0.25476568581735065
-2.450332314120966
-0.32279519096586784
0.2282854427243729
-2.4354939336203274
-0.3077779959389842
-0.06572854695707657
-2.440991913656291
-0.3077779959389842
-0.06572854695707657
-2.440991913656291
-0.3077779959389842
-0.06572854695707657
-2.440991913656291
-0.3077779959389842
-0.06572854695707657
-2.440991913656291
-0.40846406177557776
-0.04287560515110215
-2.4452881983801267
-0.5234153154843487
-0.07841173811357782
-2.4261933502222317
-0.45189636613984735
-0.034761633036674955
-2.447362107384643
-0.6191921608983793
-0.018537866684916932
-2.4163607260140525
-0.6191921608983793
-0.018537866684916932
-2.4163607260140525
-0.43410498636204753
0.08058246257689788
-2.4638229547511323
-0.43410498636204753
0.08058246257689788
-2.4638229547511323
-0.43410498636204753
0.08058246257689788
-2.4638229547511323
-0.5053331008131627
0.2693608015166371
-2.4276774979046656
-0.5130819991613804
-0.08890638949914637
-2.435139853429436
-0.5130819991613804
-0.08890638949914637
-2.435139853429436
-0.5130819991613804
-0.08890638949914637
-2.435139853429436
-0.5167006358655392
0.138501109412923
-2.4283603380420318
-0.5653149723053541
0.01368752570813555
-2.417180888864174
-0.7031541864020622
-0.08496327598682851
-2.384828416705137
-0.7031541864020622
-0.08496327598682851
-2.384828416705137
-0.4729500150684933
-0.09774201638572184
-2.450140049863878
-0.4178825427437688
-0.2949583848191777
-2.433579922454357
-0.5724859206939471
-0.038923462383406875
-2.481911642858387
-0.5724859206939471
-0.038923462383406875
-2.481911642858387
-0.5860776229537584
-0.03438241253031469
-2.418312565652173
-0.45134444463671647
0.0026121542793606906
-2.4516590574970167
-0.45134444463671647
0.0026121542793606906
-2.4516590574970167
-0.27749178761415366
0.023205225247422377
-2.487403694511073
-0.38608665608800624
0.15921140937581277
-2.447107616977976
-0.3217955676942294
0.01064433424447454
-2.490782474664551
-0.3217955676942294
0.01064433424447454
-2.490782474664551
-0.4569870324395986
-0.21037167624605194
-2.440225222438009
-0.5551870688934624
-0.047757423143096535
-2.429867490999126
-0.4172999927341389
-0.009347803500723801
-2.461780696055647
-0.28060068655105963
-0.061261759918593096
-2.4937608831004625
-0.29467096510371377
0.3001236127674394
-2.448371326813546
-0.28776901042861563
-0.1138563440604449
-2.4890094736325024
-0.3279482792628672
0.26368581240485456
-2.4635935152126938
-0.3279482792628672
0.26368581240485456
-2.4635935152126938
-0.05516856027629424
0.20464379049161224
-2.5008042945080318
-0.366578692960352
0.08355176491690652
-2.478679553756238
-0.18492259172460168
0.2757362501391697
-2.4732858510301416
-0.21154953385188707
0.23047633716275284
-2.486199975752609
-0.21154953385188707
0.23047633716275284
-2.486199975752609
-0.21154953385188707
0.23047633716275284
-2.486199975752609
