0.5738149740539656
0.04439330211814827
-1.2666943660870151
0.5738149740539656
0.04439330211814827
-1.2666943660870151
0.5480655548928298
0.055081976756801994
-1.2763183445059372
0.5480655548928298
0.055081976756801994
-1.2763183445059372
0.5718924598686421
0.061106000043163376
-1.2590357521159115
0.5164753248438663
0.10292752043920161
-1.28365133839154
0.5164753248438663
0.10292752043920161
-1.28365133839154
0.5006037619871753
0.05169022042009948
-1.2949551040121738
0.5291317335044671
0.07859243688851356
-1.271268739620848
0.5267630730628774
0.0976375831770382
-1.2695124547927534
0.5309690023019153
0.09755990083013241
-1.269749911363326
0.5135007937786938
0.09698472853648873
-1.2768965823500855
0.5943110704557083
0.047132516667457984
-1.2485978187601565
0.5001056194378409
0.10478888491615936
-1.2738351459436918
0.5068457126017728
0.07293574405700878
-1.2815588714908805
0.44289016937299475
0.11126953570784341
-1.305974800016607
0.4275350254051766
0.13493832364990543
-1.313433898581581
0.5259085471829178
0.08888599753761976
-1.270316001314365
0.4977339389086379
0.08464102461587028
-1.2859928042139777
0.4234467748283134
0.11164126883793063
-1.312207531025683
0.4648331680536775
0.09649919780162508
-1.28559154624672
0.5084223748208045
0.08310781132494098
-1.2756489486987843
0.4555552407195155
0.09921060081553794
-1.2928202526410275
0.46392954512389756
0.10053440622755487
-1.2891933817658257
0.4753137069579127
0.10683666025969123
-1.2914476839191262
0.4794671102847125
0.0877538581108521
-1.2897935319972642
0.4581420309875082
0.08445334090179576
-1.2878095267055714
0.42064875895170123
0.05427216888864185
-1.3105864036471804
0.44448690854325346
0.10914002506476551
-1.2891073402185547
0.46719777044547556
0.10821452568548842
-1.2825135638010328
0.47464662940435054
0.056941947036553725
-1.2882710279744822
0.4537861949316457
0.0769183032626778
-1.2904931340164507
0.43578024770782364
0.13212232480302347
-1.2917555542218326
0.455885555997867
0.09182362958913258
-1.2933019023949508
0.48041196919082
0.11467892958884704
-1.279287101683562
0.41448936549548304
0.12458131145948337
-1.3032990000984224
0.45182307507017483
0.10070167048122597
-1.2975348125940285
0.44968048126139243
0.07167065440365337
-1.2949209718011505
0.43513363726123977
0.07350977066426666
-1.295649883891216
0.4286747612382658
0.0978457245542048
-1.2990983864112349
0.43435082783204704
0.08494502329630368
-1.2976331265999081
0.4350380887648261
0.07727607951225363
-1.3010259592584434
0.4368625946621689
0.08875995508980505
-1.2926394860561012
0.4045704841424829
0.0951117860980331
-1.31179755608128
0.4300282311363319
0.08751856016469559
-1.303871883870794
0.41824282039636435
0.10585525441479259
-1.3081664711288195
0.43794599034990983
0.09647058734906815
-1.2907535085233255
0.45934679152900804
0.061614725993638986
-1.2868911398777063
0.4339277503348674
0.0948678337072815
-1.3020285802568539
0.43554777778988363
0.12287634088519722
-1.296143859123701
0.4217589957515795
0.05998866406327945
-1.3081667243698885
0.47072192664996
0.09514374520479978
-1.2804087060634197
0.41408182282003037
0.10756569689441628
-1.308188534380292
0.40080122012853614
0.09331733723589661
-1.3187229106838845
0.3855261114189548
0.09212965857187629
-1.3254353536962895
0.4380904628984479
0.09517718948193167
-1.302033369097479
0.4540430875312115
0.10960639747211287
-1.2948064038325964
0.46012355682389855
0.08517790840790546
-1.284687440130993
0.4629057458608604
0.0552658907518654
-1.2986064350797877
0.4229715473937431
0.08154794809346977
-1.321279829235467
0.4262283865059875
0.07393170514051578
-1.314422567307865
0.43163136210189756
0.10320796399412649
-1.3097076821929359
0.4403789434589148
0.08651893657522246
-1.298529448233464
0.4290769929579218
0.1075457616137168
-1.3002385254674331
0.528329625651767
0.06350661135867945
-1.2707209016172127
0.4155233694348098
0.08564197664156821
-1.309815709608883
0.3872124988168135
0.056284338315619034
-1.3338062246726765
0.4685629393574635
0.06263036732610917
-1.2979620632992885
0.458211765994184
0.07277079978579513
-1.302052023762724
0.4493406286789697
0.08516867180057756
-1.3049292540658488
0.41296548063882377
0.07399612405922219
-1.324247701416415
0.44503918827407396
0.06641717601815234
-1.3054036272072536
0.5134587124037827
0.049998687201464484
-1.2796067085790654
0.5507703706733205
0.03946290905358821
-1.2716687502516577
0.46652331870311203
0.024054964697870985
-1.3184677208962086
0.4612665063531479
0.07490307434464027
-1.3193312455391795
0.4366364831517245
0.08578156201844368
-1.3290770285743145
0.49069881950026645
0.06108662210245664
-1.2996030738698037
0.4667222843351326
0.04956128682115815
-1.3118851735767219
0.4994765922616464
0.054045236682362344
-1.2935592137167535
0.4442837259056489
0.0985198595979732
-1.3297561234868047
0.41492105062169504
0.0776249311000498
-1.345025301034603
0.4592502465410798
0.0821242052024319
-1.3178254694196234
0.5203312543119812
0.04178328250772747
-1.3021358037497834
0.47107174601765756
0.030176575037207182
-1.3240266748471359
0.4743983463240644
0.06956232306005211
-1.321857178353106
0.4742662062088759
0.06585828687338757
-1.3205753330919854
0.49550002552957156
0.08112943649985829
-1.3147513643828703
0.46724811771777813
0.05497557297049047
-1.3190916934794372
0.4488390968568698
0.05750326748678169
-1.34014063368241
0.47289154323242893
0.05961632154709867
-1.3283544498000144
0.4751825185998303
0.09249577726788447
-1.322885574322276
0.5219049511581297
0.13655882656564527
-1.3065925892724874
0.4653420804738726
0.09212138432135869
-1.3380251513568324
0.44156826190065157
0.09577111533407609
-1.3487804997320298
0.47212450052667515
0.08867369145723268
-1.3320164561491028
0.5255772206952324
0.08115585589785443
-1.3054483559993124
0.5140527131053981
0.05669708749560378
-1.3225131341968486
0.4797745316849696
0.06910956235476017
-1.338441722177775
0.47364427411652826
0.07627126786115809
-1.3357715596625048
0.43758297146557884
0.0615266819273225
-1.3637717180427065
0.5057387408499543
0.0763985137599901
-1.3267020246736072
0.497743196824948
0.027869525222153677
-1.3294444126484335
0.49191811319039114
0.07193471929013254
-1.3323503918427182
0.4598354337293102
0.06632580394986302
-1.3592853295505591
0.44039244508131553
0.10161284224618869
-1.3647957940678643
0.4355877607843683
0.08461556773648211
-1.3657771188343606
0.46524775654159894
0.043744483497833386
-1.358885122370252
0.47882509498157455
0.07520825590134367
-1.348903313325144
0.405169044894697
0.066177431849259
-1.390124781416194
0.45567958237317696
0.0660667193629185
-1.3722730742203864
0.479850624499934
0.070666114074297
-1.356384219151412
0.487223016381377
0.10982223719481086
-1.3465659679438884
0.5100576418486336
0.07052725080698777
-1.3470929281247552
0.5007094154177892
0.06515209912784024
-1.3563140002313867
0.5006509320746149
0.052668938335502256
-1.3570562307920382
0.5214142864257243
0.05009341643721888
-1.3544793489322802
