-1.5951207002240304
0.08416401073110748
-2.2978890372004694
-1.5877632978599827
0.07831979426345524
-2.3014539927147633
-1.5538137862466668
0.08577691311291581
-2.3701429028377774
-1.584582281479291
0.0647319955222121
-2.299272487240738
-1.553141159279771
0.07932214999916679
-2.31663485881498
-1.541505604051586
0.036081621617182535
-2.3254768880643577
-1.5278598365268472
0.03881091727322453
-2.331310183999979
-1.569147332264936
0.059334561687525246
-2.253431949643793
-1.5251410670343686
0.11713535770158987
-2.300444828489013
-1.5283483287575912
0.034405809479765445
-2.2784647410119345
-1.4276590007859693
0.0700597946600973
-2.428931432128303
-1.4836464224180232
0.03161508817228265
-2.3685606461819564
-1.4422858578933615
0.06354143762572796
-2.3698249557533195
-1.416285406132786
0.035269772850903096
-2.429625085086744
-1.5173742865623074
0.01873636705742219
-2.3192422148663443
-1.4632515291119759
0.07848880888640583
-2.301505548692795
-1.395716349218175
0.06544754216173845
-2.3910908524530234
-1.397726582866976
0.10378000492705142
-2.359353323050536
-1.4550392756104398
0.04149457003208279
-2.2794066956876065
-1.3814262269705704
0.07274861595580052
-2.4341894580798775
-1.4334526396823377
-0.004811613723214124
-2.290021583672623
-1.4001947446234262
0.06022618039602202
-2.3740344423586284
-1.3592515660784987
0.0883710017502118
-2.3921718236914167
-1.3909075225547076
0.02288656044197139
-2.332886121591566
-1.3689277166234968
0.06047575027884948
-2.385206083547904
-1.367236781138299
0.024943611583668875
-2.341434706170452
-1.2906528947819376
0.05416758341727696
-2.4244357197060737
-1.3142793701753739
0.08147955208504844
-2.407792775791995
-1.2964305804220493
0.027598184119794093
-2.417869118133222
-1.3059376423735198
0.05889919548165926
-2.366848495855635
-1.2534478051178768
0.09114881229934639
-2.518002513932157
-1.3149108160521878
0.08270332819797119
-2.355061424738307
-1.3091291689270403
0.08029276158338819
-2.357046763687697
-1.2710232316309797
0.05920319867423435
-2.3780284986566205
-1.2925380727301117
0.08081718864740267
-2.362308685828871
-1.2814455875659039
0.0786118213012402
-2.365862022486153
-1.1929116494677456
0.06405904584539504
-2.4536571689680957
-1.2655040741165269
0.08168870025455702
-2.37056871729186
-1.229336528280927
0.13821764603091025
-2.3832797187723185
-1.2205316007779154
0.05703428827338784
-2.39315833053548
-1.2515461916306367
0.09208317858409196
-2.391641726380552
-1.2043282459973426
0.05720092491833771
-2.3977129368745445
-1.2468657491085617
0.1248725830614652
-2.348056645858327
-1.0905018784511982
0.0177290760233463
-2.489534585412304
-1.1524539191331622
0.1086176205412965
-2.4319106092776446
-1.1983642356758832
0.07401784400143718
-2.3897745270806805
-1.0782750641097312
0.10046880648682165
-2.5263505073890626
-1.1973040925614575
0.048775411082300116
-2.347666051051664
-1.013394247414596
0.06384336226872606
-2.5519568979478047
-1.1080054793957959
0.016459624895420143
-2.4699581053134976
-1.123001145467841
0.055535255992195456
-2.4183890627316282
-1.0924058974767
0.011300842090593047
-2.451224588311529
-1.0776349047762497
0.004632523630749154
-2.4763447202964266
-1.1834619481546396
0.010263399090141944
-2.3445936835696877
-1.0840576659123835
0.054190461067994
-2.4113256292096854
-1.1650206655652444
0.05061587072583604
-2.40855555250893
-1.098404273574703
0.08576163029469971
-2.3968369645672714
-0.9273232567502292
0.06691935035013906
-2.567734782931577
-1.1186152151377595
0.04981277295041595
-2.3866982866032833
-1.0779748885474025
0.08901764522609637
-2.4006593322120824
-1.1068295065028835
0.047427573751108856
-2.38902978536747
-0.9271323014760308
0.09709757752548596
-2.515675989001685
-1.0011566979350142
0.10333183396175583
-2.4629944951691716
-0.9776837255674402
0.008771024970728278
-2.456996574737151
-1.1053379851030813
0.002924006977229622
-2.360202788941805
-1.0401753119277162
0.0018237577506230263
-2.4267317979175727
-0.9912801126523675
0.058323659362216375
-2.4642810066471417
-0.9409340419778194
0.10004173038951296
-2.4777385238385015
-1.0182490725390723
0.07914507892158446
-2.4250114205346045
-0.9755731497931512
0.1312923060341255
-2.457141310839723
-0.9607461890092547
0.05042022049962776
-2.4461860888481337
-0.9261207411556986
0.18980214079763033
-2.4427391729475283
-0.949549412399701
0.036862525818245055
-2.4476021650033637
-0.8531468394067286
0.05808873093004212
-2.5164878310118706
-0.9293095391284206
0.05340461008161161
-2.4487261327528143
-1.1476256699590295
0.04018725188372935
-2.3322672383317387
-0.8731246161144505
0.09157450599478308
-2.461294884775363
-0.8264627612552434
0.06400191378422716
-2.4951690408934706
-0.7124215383344676
0.06733007614383685
-2.563900028075098
-0.9914222244810107
0.029763224595336042
-2.4521674301511336
-0.9176073657763171
0.09878787564935854
-2.417145050741137
-0.8769099228732457
0.031155696619282674
-2.450612658957343
-0.7778856575460922
0.06637657374781492
-2.5176498388635977
-0.9393760493841816
0.043895805395387476
-2.384316463805833
-0.7358557742128634
0.1393081701225546
-2.5763233433241797
-0.8487904946651643
0.05737342724139008
-2.4489354302714985
-0.8444940583001426
0.050157267610835124
-2.448747926896264
-0.8597883122421905
-0.061826944519162506
-2.4967912050010836
-0.8341283872021213
0.038372077581633995
-2.425513308172459
-0.9059232921185152
0.044203543631297214
-2.3816804683996935
-0.7927954241562708
0.11065771000572378
-2.5276117952104835
-0.8271370240291606
0.15127438515572744
-2.4322306597949854
-0.709686701308297
0.06361367571397392
-2.5118877111406133
-0.8055953076196581
0.05841959223212344
-2.4439214405410294
-0.798900522886196
-0.08419835029292043
-2.441695073523367
-0.8460209574594347
0.08716048192855484
-2.421451869037254
-0.7748572431275903
0.03452234458131263
-2.42878878120067
-0.6313167149230642
-0.008216055867170679
-2.5373514912883475
-0.6753790312988435
0.071378523098881
-2.5054277292260823
-0.7279755348837911
0.10133065377204675
-2.447755860842724
-0.6177100569669162
0.12834993169616946
-2.5478599117284193
-0.6989326826637209
0.0015819561778402196
-2.4764508742520346
-0.6964005781460276
-0.009611655362606145
-2.4752008535411782
-0.597899326915425
0.0015750751816269067
-2.530262530273899
-0.8115259498476931
0.0917352901572512
-2.3897742612746242
-0.7735479928911431
0.02990228986332869
-2.478298450123657
-0.5815283064458261
0.1272955471425188
-2.5028541128269617
-0.825568003012274
0.02541851990582571
-2.3848963310391236
-0.6943539564502154
0.1310022637464625
-2.4704482355180493
-0.8312679427822356
0.04716585837432896
-2.3944981969242227
-0.7836223603589735
0.08320960861870583
-2.4049606567952098
-0.7238630351955043
0.056239771451977595
-2.4240610035457877
-0.8302924348817761
0.13793146863995925
-2.3793419433556133
-0.6562937577263931
0.11018760746249856
-2.4535675091780926
-0.4942398127503241
-0.001105609321934447
-2.5686388963407727
-0.7423413547776668
-0.009223843226756217
-2.393603458454992
-0.74742220783792
-0.01164543028422299
-2.4260206509839244
-0.741274974523392
0.0924936206563734
-2.384578274402943
-0.7021825604663401
0.018165662903095455
-2.4513729919038085
-0.6474085515213551
0.10411313501261754
-2.4592711585948117
-0.6110634073081573
-0.011181723546067727
-2.4551345944390297
-0.6973079332464852
0.03192569756263301
-2.4244024672823703
-0.6954853747773194
0.16263502976921773
-2.3964543393062816
-0.6622845017056705
0.02944661867223837
-2.4339117208698386
-0.7228248193409328
0.09324691376696768
-2.411425438736116
-0.6801452107150385
0.03220366099132783
-2.4204251056069856
-0.6482069237380682
0.05772985746132031
-2.430806903163634
-0.659920848100515
0.0506562102222841
-2.441366070562159
-0.6383271705174206
0.029610231803566096
-2.4295194869458623
-0.6331691050112328
0.02375415200826769
-2.42874192625278
-0.534992549047087
0.04301301324347295
-2.4805279334193306
-0.6977670822339755
0.08306884498637834
-2.3839346338336473
-0.5227804330721086
0.027534802882505025
-2.4789877948191132
-0.4936359143103445
0.0740545337947814
-2.502266322735266
-0.5726215166628634
-0.020446706343541423
-2.4287371839739116
-0.6216934744018743
0.014556559921878456
-2.436150496457099
-0.47312011914946095
0.06825703733277061
-2.500027769626043
-0.5161143901065898
-0.020449088780205876
-2.440774846712349
-0.7228250832319202
0.039970988211792645
-2.401270127081627
-0.6117538522591449
0.026932583339135254
-2.4089696424632323
-0.4537698582006937
-0.12007303608825674
-2.492130745201073
-0.6299196881524655
-0.01998194398840699
-2.4058382019019233
-0.6531136684102568
0.0873185014849858
-2.4099625586380853
-0.5752627313500305
0.04872947261271674
-2.430038700457888
-0.6422246943783055
0.08811647200738355
-2.40880528123344
-0.5627949514591511
0.049396247716494764
-2.4289636551917537
-0.5627949514591511
0.049396247716494764
-2.4289636551917537
-0.7941943883127727
0.1287288353548514
-2.3533391982655525
-0.6108601080173864
0.12192318345485534
-2.3711786856292525
-0.7750294905064559
0.029073466747857286
-2.363633691352156
-0.5102998546484447
0.027539047747972573
-2.451919526402771
-0.6455328823986702
0.03991616800017272
-2.3620112254319343
-0.28812797774397253
0.013324122144416962
-2.4839005775674576
-0.45065908949919714
0.11814896861555693
-2.431028093825975
-0.5370357295315129
0.19469450789061396
-2.40230181295168
-0.40714529982974995
0.15626821755664272
-2.45252408070569
-0.6047037260487398
0.22227826315816096
-2.377515501397583
-0.22392137992432085
0.2781266817732495
-2.4848358563927992
-0.3796636321124634
0.16798455490653758
-2.449398442127949
-0.5558527755236408
-0.03576095984610245
-2.385524190176355
-0.552056555522674
-0.030443270461123804
-2.4197013184448193
-0.44634394378826614
0.053378029170636845
-2.423180189707774
-0.5877325832085889
0.04062900730244762
-2.3929545898280717
-0.5718531955873568
0.03893565568183802
-2.3596444505742014
-0.26155544822781895
-0.04831021936010989
-2.4660796461035557
-0.5088603893751529
0.10261313491908902
-2.400834141468812
-0.2309713371392339
-0.051691772843652076
-2.4656795476527296
-0.19388236227532915
0.16906565888327146
-2.4683435496285058
-0.34157119914880063
0.10372949312214962
-2.4472418467467585
-0.539788942984087
0.03887779532197858
-2.3926333601891194
-0.42148142482747203
-0.036537473431687596
-2.4001936630145155
-0.7004542324011277
-0.015614610674862032
-2.3136225283371035
-0.3000764076488572
-0.0794537793370142
-2.4388976728333076
-0.5305445336128198
0.021320162970302224
-2.369057896772078
-0.5305445336128198
0.021320162970302224
-2.369057896772078
-0.2742345952878541
0.1739857070121167
-2.4470935840040964
-0.42719608179159246
0.10780935009087979
-2.399286079404703
-0.1152402238764156
0.2897726767229788
-2.436448084629656
-0.47297354180327406
0.043338019751394403
-2.393241166457941
-0.4022512242518304
0.10708814508633724
-2.3991973496675727
-0.4599875207998603
0.04364100128143966
-2.393455519863488
-0.4521072727026636
0.043824734274232474
-2.3935963546980656
-0.4441543453612405
0.041002359167398944
-2.3937568190917693
-0.4361506853307857
0.04419671856590629
-2.3939028859174125
-0.36570315654438734
0.11882221268852056
-2.3976104926329165
-0.4230572165062177
0.11554275090865718
-2.4164399218045185
-0.4230572165062177
0.11554275090865718
-2.4164399218045185
-0.4230572165062177
0.11554275090865718
-2.4164399218045185
-0.18465464417382718
0.12239857965917068
-2.4121691430597982
-0.38958254456750535
0.05141949371203024
-2.394886951112542
-0.2750276700226096
-0.13919555719050894
-2.402364724793734
-0.5290439373219239
0.030161583859370816
-2.3327090057518944
-0.1441374824667886
0.16500686123827463
-2.4400967933687525
-0.13703691934136483
0.18103337281019052
-2.437340806656876
-0.3468840037111516
0.04630194545444757
-2.3959212220437287
-0.3468840037111516
0.04630194545444757
-2.3959212220437287
-0.5095474399221294
0.027996167304462215
-2.366441607830117
-0.5095474399221294
0.027996167304462215
-2.366441607830117
-0.5095474399221294
0.027996167304462215
-2.366441607830117
-0.5095474399221294
0.027996167304462215
-2.366441607830117
-0.5095474399221294
0.027996167304462215
-2.366441607830117
-0.5095474399221294
0.027996167304462215
-2.366441607830117
-0.17447106197716422
-0.2238069914875505
-2.424007187784495
-0.27513333487791786
0.047260783444054974
-2.431892336643101
-0.2637195469151554
0.05162297787256222
-2.397802218239462
-0.4513742310951262
0.025369302710581236
-2.336954955344345
-0.2484251361846121
0.048841180418312424
-2.3981404988562773
-0.45854375926881863
0.02624174710530716
-2.4033621449529687
-0.45854375926881863
0.02624174710530716
-2.4033621449529687
-0.4929823805373228
0.1986161006660938
-2.3242906969338235
-0.21275267700102762
0.052391933611887154
-2.4330866410987335
-0.4295662929225848
0.022833035060786336
-2.3713606006250103
-0.4262709841616269
0.022366274146292248
-2.3715896904309215
-0.17991188131914088
0.3144760357334572
-2.395505814717259
-0.17991188131914088
0.3144760357334572
-2.395505814717259
-0.2199019152645603
0.26564584287359255
-2.380766611438217
-0.2156503041073659
0.2687646183424555
-2.3799646189862065
-0.4961185225132553
-0.08437423321573984
-2.353582815343789
-0.20890100101816692
0.2736146649333829
-2.378708034713907
-0.39743825677210115
0.018486907472830053
-2.3738968939017084
-0.20088270306113745
0.27736312641944555
-2.3775876095904995
-0.029022584364139115
0.366798065414515
-2.3800617421166192
-0.37925002717075046
0.015517643414632076
-2.342283758022128
-0.37925002717075046
0.015517643414632076
-2.342283758022128
-0.16582580680298956
-0.25542378572169605
-2.3832764221748266
-0.08553910710247764
0.054669226200484124
-2.4344471771164446
-0.01913064706282321
0.37625353688280333
-2.3756437115855733
-0.06752797493840271
0.05294621720468938
-2.4002681237071597
-0.17338021823589195
0.18069954892953954
-2.3998704044297257
-0.36875172470819373
0.008068187339870438
-2.376509053500427
-0.16561903927556199
-0.14849740289072733
-2.3696718227379523
-0.16561903927556199
-0.14849740289072733
-2.3696718227379523
-0.16561903927556199
-0.14849740289072733
-2.3696718227379523
-0.01941474755513749
0.06256355432962361
-2.4001995410640053
-0.012114030306621056
0.06571544585592573
-2.4344077029529747
-0.004483179929239561
0.06283392085744245
-2.400210335450912
-0.004483179929239561
0.06283392085744245
-2.400210335450912
0.010514529375272079
0.06280944901160361
-2.4002279109862457
0.27076562515985736
0.1801380406132293
-2.3768499627327264
0.07733976340155926
0.5007490312794454
-2.328262380035592
0.07733976340155926
0.5007490312794454
-2.328262380035592
0.07733976340155926
0.5007490312794454
-2.328262380035592
0.12553991576128068
0.3393506119046836
-2.352495341008662
-0.2508455734165619
0.33701644115081036
-2.3817629617934393
-0.2508455734165619
0.33701644115081036
-2.3817629617934393
0.014176579777866424
0.37675767024851936
-2.375716149204318
0.014626634876938362
0.3641470740644522
-2.344413892565797
0.014626634876938362
0.3641470740644522
-2.344413892565797
-0.3163097057763886
0.1028703940118661
-2.361225298428505
-0.3163097057763886
0.1028703940118661
-2.361225298428505
-0.3163097057763886
0.1028703940118661
-2.361225298428505
-0.3163097057763886
0.1028703940118661
-2.361225298428505
-0.3163097057763886
0.1028703940118661
-2.361225298428505
-0.17487707938490002
-0.25837470981019517
-2.3509586779591274
-0.10704298705270315
-0.45641232673613663
-2.363778799104435
-0.10704298705270315
-0.45641232673613663
-2.363778799104435
0.24010574216842115
-0.05911130507441669
-2.3727818168181662
0.24010574216842115
-0.05911130507441669
-2.3727818168181662
0.18509755088417112
0.05835391525551664
-2.399034779867249
-0.14767483704130677
0.2208740450324094
-2.398354554731997
-0.14767483704130677
0.2208740450324094
-2.398354554731997
0.18837706089992734
0.4186570643680255
-2.346164536488075
0.18837706089992734
0.4186570643680255
-2.346164536488075
0.18837706089992734
0.4186570643680255
-2.346164536488075
0.18837706089992734
0.4186570643680255
-2.346164536488075
-0.2047766080333349
0.07246436137182805
-2.3849933100644183
-0.2047766080333349
0.07246436137182805
-2.3849933100644183
-0.12785355390372305
-0.25910955315385387
-2.3761036362738195
-0.12785355390372305
-0.25910955315385387
-2.3761036362738195
-0.12785355390372305
-0.25910955315385387
-2.3761036362738195
-0.223240324637876
-0.2095799665700073
-2.367631072518383
-0.223240324637876
-0.2095799665700073
-2.367631072518383
-0.23014787209963783
-0.20163047554243224
-2.3699575487988302
-0.23014787209963783
-0.20163047554243224
-2.3699575487988302
-0.23014787209963783
-0.20163047554243224
-2.3699575487988302
-0.23014787209963783
-0.20163047554243224
-2.3699575487988302
-0.23014787209963783
-0.20163047554243224
-2.3699575487988302
-0.23014787209963783
-0.20163047554243224
-2.3699575487988302
-0.23014787209963783
-0.20163047554243224
-2.3699575487988302
-0.23014787209963783
-0.20163047554243224
-2.3699575487988302
-0.23014787209963783
-0.20163047554243224
-2.3699575487988302
0.14618842745903823
0.1610674285330533
-2.405326487479335
0.1560852945182749
0.15071774154238238
-2.4071538642855304
0.17765977353587603
0.3682876477992144
-2.362073902720794
0.17765977353587603
0.3682876477992144
-2.362073902720794
0.06338433506103083
0.23135235393969975
-2.425913391548931
0.19124720153868716
0.12220425196452121
-2.411873881612658
0.19124720153868716
0.12220425196452121
-2.411873881612658
0.10997196236361347
0.21264265760946785
-2.396543192831643
0.2037648818768337
0.5495010720189692
-2.3237624423879986
0.002629083332135089
0.28791047783650847
-2.400572050634084
0.3412570837887644
-0.09407822213499928
-2.3714616755890026
0.3412570837887644
-0.09407822213499928
-2.3714616755890026
0.3412570837887644
-0.09407822213499928
-2.3714616755890026
0.3412570837887644
-0.09407822213499928
-2.3714616755890026
0.3412570837887644
-0.09407822213499928
-2.3714616755890026
0.10168085058320238
0.28799616833861774
-2.3989477850966034
-0.17114794860484553
0.23312856709990395
-2.4119580851721873
-0.17114794860484553
0.23312856709990395
-2.4119580851721873
-0.17114794860484553
0.23312856709990395
-2.4119580851721873
0.22952548106934526
0.23286031462454024
-2.3933300383782146
0.32077307941734906
0.22667106629614614
-2.380604908629892
0.3409620411036217
0.0741870025815811
-2.384681832354013
0.3409620411036217
0.0741870025815811
-2.384681832354013
0.26252469467242856
0.21448762979549582
-2.399171209846309
0.2607648265263013
0.2052403818174013
-2.401343323150756
0.2607648265263013
0.2052403818174013
-2.401343323150756
0.19495431614429806
0.38500892806561127
-2.382759365416725
0.19495431614429806
0.38500892806561127
-2.382759365416725
0.29984510208656057
0.188924996101457
-2.406001773093808
0.29984510208656057
0.188924996101457
-2.406001773093808
0.5608014187117284
0.04832113447030771
-2.3571403047774484
0.18120816715245128
0.30958020365026206
-2.394260653176332
0.3327094685552497
0.1866596136478773
-2.407221373924899
0.3390394303164948
0.17592298115325455
-2.4094963367357667
0.25894309188603
0.11473244359827559
-2.44137302234715
0.19051228341531626
0.19536588165342583
-2.4272154218957422
0.06990024224941975
0.3807484837401279
-2.4247241971164524
0.1214200379799207
0.31745085946436047
-2.4198523883928953
0.0815692373563343
-0.09059311154834365
-2.4449272258044745
0.4487614085879732
0.09225453282317662
-2.376450265995695
0.14313027528544559
0.42775144983347685
-2.407763020532782
0.14313027528544559
0.42775144983347685
-2.407763020532782
0.14313027528544559
0.42775144983347685
-2.407763020532782
0.3418769944887427
0.08383330351816477
-2.413500642810214
0.3418769944887427
0.08383330351816477
-2.413500642810214
0.43666526930262883
0.15618133372170642
-2.4155574516098453
0.2774034029125922
0.22571155404473406
-2.427885174014077
0.2859319487188398
0.22098686916191582
-2.4297072458372067
0.29164515895210413
0.21797888238006968
-2.430871433738602
0.2978227724920559
0.2093933497709939
-2.433513918814083
0.3969824007321018
0.075828467911991
-2.417045669499852
0.36315124524309045
0.03880556514433895
-2.4459627199999874
0.480664735774622
0.1381400371118878
-2.3860178512074595
0.41950519072165005
0.07342182266597382
-2.41859735906681
0.391315401914592
0.029967012966767306
-2.412677526819391
0.10869180692051147
0.37169930606148316
-2.434155009163126
0.3784448493683215
0.14238503741393937
-2.4572640411857942
0.3784448493683215
0.14238503741393937
-2.4572640411857942
0.3784448493683215
0.14238503741393937
-2.4572640411857942
0.21527485447112135
0.30076983169975646
-2.4745798166350226
0.21527485447112135
0.30076983169975646
-2.4745798166350226
0.22674130650389113
0.17478253750008702
-2.468318923720923
0.22674130650389113
0.17478253750008702
-2.468318923720923
0.614724823705857
0.045867184980862036
-2.3619768853754146
0.4324047966265334
0.18716576408293642
-2.4241765854671224
0.6716150009584947
-0.009059338828328078
-2.3711289565731115
0.5617616318565152
0.11797359687056208
-2.3947915735085252
0.5617616318565152
0.11797359687056208
-2.3947915735085252
0.5720098152917853
0.1201713926858618
-2.3956553381462404
0.27181684811081386
0.23786149405628287
-2.4649946851032234
0.36829329471680194
0.079095738865911
-2.455473465380877
0.49598001452199075
0.14526842896645034
-2.445013494251022
0.49598001452199075
0.14526842896645034
-2.445013494251022
0.7085734948787021
0.2422902978946765
-2.3647658022155773
0.30159840733822463
0.21432019949375347
-2.4759783280565095
0.47268652308221354
0.14155176656742197
-2.427862595579204
0.5596809432333237
0.057652689946398786
-2.4338516880952104
0.5796506635176547
0.07207879133176462
-2.410264315892994
0.1905062318416029
0.3628762570967442
-2.4940191884110705
0.1905062318416029
0.3628762570967442
-2.4940191884110705
0.4281222070822072
0.05236732919320258
-2.502044312681813
0.4360806497823534
0.06638115918934373
-2.4662148145279237
0.6366114845382922
0.10612947388028106
-2.406970468297754
0.5111786578209185
0.12862042967135603
-2.4358488221142682
0.5280748551658639
-0.0019504141456784167
-2.4564262618564845
0.5317622634720901
-0.0018451955866629615
-2.457122640104014
0.7251325712778098
0.17641789313517162
-2.4184512397848805
0.6584259926399225
0.10214089204952037
-2.4117864424267443
0.614771835710535
0.18793084366297919
-2.415041831092281
0.4958798624485463
0.29071956685708683
-2.500006283390408
0.6039398364846505
0.06325365746004519
-2.4342190640625208
0.6505209322897519
0.1741372983543133
-2.4088618397511485
0.6505209322897519
0.1741372983543133
-2.4088618397511485
0.4616326928964951
0.15282262689503595
-2.492679964051138
0.5016491841614792
0.09588384196950249
-2.478564680511434
0.6514291230084251
0.16354899613534474
-2.4021658563346877
0.2810183109716331
0.30824532422564765
-2.5564345214818154
0.2810183109716331
0.30824532422564765
-2.5564345214818154
0.6380577295177573
0.053306699677305266
-2.4418170200797698
0.5860391814897437
0.11458754473799009
-2.4526889364808424
0.8215654323293785
0.1051950810325286
-2.425833464212301
0.6904249433644057
0.1681247994855143
-2.4203930570624537
0.5208716778297695
0.0720147166455333
-2.476340748420725
0.6589824711897455
0.05313096626183579
-2.446378959803208
0.7177216364666201
0.08804933822598945
-2.3949122209445344
0.42536703554671124
0.3768900946225407
-2.4988625270887144
0.7227564477136182
-0.01154273203943514
-2.4004190044883953
0.7227564477136182
-0.01154273203943514
-2.4004190044883953
0.7039484482673954
0.1528715365092041
-2.4170193706434575
0.6319161948852523
0.10219236580479514
-2.463555779339515
0.39599605230359664
0.10000831284959827
-2.5503424225679443
0.7542374682984415
0.08857772125660378
-2.4347929161868205
0.6464456749662362
0.09833752897085099
-2.4665224034185576
0.5992706950811691
0.07124976728647515
-2.498557688175368
0.524564243812111
0.12401772810152542
-2.5712049615523296
0.524564243812111
0.12401772810152542
-2.5712049615523296
0.537563090967483
0.11208937729895498
-2.536447751116787
0.5653236747879475
0.09843355520821039
-2.5127593292375954
0.6293020271513287
0.17740084712967447
-2.47577868197462
0.7316467419884966
0.047390673504418196
-2.4255066985555414
0.7588221325205945
0.1426158456019867
-2.42805219678435
0.7588221325205945
0.1426158456019867
-2.42805219678435
0.812642449807581
0.0794242444911004
-2.443405800617975
0.6789786073331178
0.1642938443819423
-2.492901907602124
0.719287436986144
0.09141061018323467
-2.4752520921145424
0.5274503263063638
0.07126443181939793
-2.5630788155940785
0.7825737637744816
0.14224712611486423
-2.4191532691230897
0.8513454261634924
0.10673575128536447
-2.478273091600086
0.8831001015149433
0.028680992543237735
-2.3773772933560613
0.7963605748816165
0.041644020945581
-2.429139711146926
0.5773849432426351
0.262292818994964
-2.5543056982440113
0.7765715648685674
0.2057063121147757
-2.445338805505928
0.7384184172534838
0.16098488385433635
-2.4833110626874344
0.735845312763425
0.05865137944455887
-2.4948826854710027
0.8061087396017269
-0.027777101910659092
-2.45690437207025
0.8061087396017269
-0.027777101910659092
-2.45690437207025
0.7680970209234503
0.057643350355434414
-2.493441862542402
0.8763682958983287
0.1482506607108804
-2.3956076339707235
0.7830073802289157
0.05117343966993041
-2.4568293036337945
0.8513540482179868
0.10153478854036374
-2.4146652321012865
0.6404392088807535
0.12365323068482585
-2.556695819591145
0.6140529387502893
0.05331125821719748
-2.6037749846483265
0.8838375653937849
0.08643913099145376
-2.4334126901607913
0.8580054578573572
0.14525870689197204
-2.440455761656421
0.9935644751026972
0.09327428071240045
-2.377613434932497
0.8369621692794758
0.09197525669113395
-2.4586310118596475
0.8468922865498545
0.09440401226747176
-2.4570819109097557
0.9074304446928347
0.04389443092166256
-2.457350969425191
0.8865922805063119
0.0906213852194656
-2.445189378907378
0.85355401069017
0.14987429248090736
-2.473526048597558
1.2166908233256033
0.043583865304784405
-2.291682141813735
1.2166908233256033
0.043583865304784405
-2.291682141813735
0.9001307384236474
0.1492017461398351
-2.4508135734338254
0.9265221625225909
0.042877695827431284
-2.4706276735180146
0.89113237136187
0.09752839375552128
-2.465599714060228
1.0637713998480376
0.08006512774622941
-2.380819335934111
0.9391410634206921
0.015601078069747237
-2.4759672154261
0.9242959156295621
0.15631847530599702
-2.497290879878709
1.0387206353755065
0.08767779521442227
-2.4048132332963412
