-1.3195253197622514
0.06171692242705898
-1.708245717515719
-1.2504492121925792
0.039953654147361656
-1.7306562845536257
-1.2265186021894763
0.062398695845708466
-1.7462825176717607
-1.2069068176664228
0.0859973317731003
-1.7807968005374508
-1.2157519005480255
0.06313622392174593
-1.7172760641468117
-1.232183551233776
0.05297938054940656
-1.7456559669827512
-1.1667293959176428
0.10431118104356307
-1.7646418478858037
-1.1741886981588272
0.03362313114600614
-1.7372273227283994
-1.1466811228848588
0.09527041002543658
-1.7862376146098438
-1.1493043060304224
0.08410472122359465
-1.783381193146749
-1.0959143350748786
0.12786567845423277
-1.805234632635804
-1.1018697232612544
0.06364834581264243
-1.7932817274670765
-1.1162650499480737
0.06989042839674939
-1.7933841801051242
-1.0862701720601144
0.08393181065995092
-1.782740629857412
-1.0738366776094752
0.06539499923430418
-1.8403018929519515
-1.0810256787603991
0.05940881665367337
-1.792395439530809
-1.0330858490923083
0.04168437142840371
-1.8587632280171227
-1.0174274043388158
0.08864132420350654
-1.845956723539641
-1.043689124933877
0.048303752497702794
-1.7943995284924077
-0.9950451725731385
0.0869605402416753
-1.8523819041374332
-0.9822697051242805
0.12547005173830117
-1.8401927527545012
-0.9611995234318799
0.04044358481165628
-1.8556801729597612
-0.9919343024244758
0.07511153125610352
-1.821453362851572
-0.9793928354523589
0.08301208994351415
-1.8374687786467185
-0.9612462002075425
0.06183966353976411
-1.858619188632975
-0.9295664257826016
0.04412235650648019
-1.8868482453801287
-0.9676442767582707
0.056385565154137285
-1.824103382706533
-0.966125879168552
0.0198257415249129
-1.853128843941969
-0.901279742512437
0.08804487873666599
-1.8740564047626018
-0.9063322044407096
0.021350266496454634
-1.8638095355440902
-0.883616227160613
0.0792852398126423
-1.8776056214672128
-0.9287447936008385
0.05842117120330378
-1.8317708386968925
-0.9098876533999696
0.05700970479277614
-1.8138748352135141
-0.8767459312321627
0.11174788555304373
-1.859694820518549
-0.8670793343112528
0.07150892288925707
-1.8670733758613844
-0.8394401446990316
0.08942100315754034
-1.8748767691669668
-0.9061232800379203
0.07588868208032531
-1.805178285779448
-0.8440688668780744
0.00255500647849111
-1.8724299981600359
-0.7464017583316453
0.10196069578985635
-1.9512739278638924
-0.7417534884957522
0.07364682779241984
-1.944641309134072
-0.8134840825864674
0.08858276107886143
-1.8718377519826
-0.8055178428617236
-0.01795992449531044
-1.9050500667901658
-0.8361243563987583
0.03449949789858499
-1.8636435944801324
-0.8249439927260512
0.08176553014593609
-1.8393540411649436
-0.670248450994398
0.07814021424496265
-1.9803665013605232
-0.819631291593017
0.030571711063382034
-1.8635981794277874
-0.8094345472718073
0.02840350914670248
-1.8436947138721285
-0.74029729737632
0.06372309325299294
-1.9043287905925799
-0.8018047663366411
0.07446767093931955
-1.8384858566639348
-0.8062684069757647
0.08325490580440777
-1.8450685251473866
-0.7235474769759261
0.07421862454273571
-1.9028628063642998
-0.7866571453363659
0.03202891097162783
-1.8427296426169861
-0.7932933020289892
0.08197566028778293
-1.8437852907116927
-0.6744717427486037
0.1434310682230195
-1.9176171630832648
-0.8078220720223799
0.1063128194319222
-1.805283558713552
-0.7138625264209011
0.0628465923720601
-1.894157601712776
-0.7282782505619947
0.0951225908109963
-1.8733928112234237
-0.7628637718641682
0.028210043703632115
-1.839250222552789
-0.7448993503730487
0.05935792167226476
-1.8528120027960742
-0.7337756170850849
0.05023279268028263
-1.845569346814432
-0.6646268229801985
0.04468089899852848
-1.9025889302212677
-0.6838685921893913
0.0650671823778753
-1.8693055596365766
-0.7752473649788139
0.10802085332787885
-1.8174663454224154
-0.6751891493997599
0.0664060132946507
-1.8808107349552876
-0.6539247328774619
0.10197354350760261
-1.9064901904586797
-0.6984522001567534
0.08958071710870949
-1.8667286182107332
-0.5784003211895975
0.039573506241216506
-1.931437792628511
-0.7127278566159534
0.11765032591894548
-1.8310535895093523
-0.6500803307220343
0.05929854306209829
-1.8707912162073466
-0.6654603160004957
-0.10594234340319274
-1.943818056548246
-0.6214341604044736
0.035833989636474606
-1.8876925060713647
-0.6187069756960496
0.030296499161036407
-1.886566095668785
-0.6313669193092616
0.02994244724577525
-1.9139239536092547
-0.6547404211506843
0.13044782784502718
-1.8501138384333997
-0.5749948281265085
0.06859302139906807
-1.9048862629013978
-0.5563296800761373
0.11699799940077772
-1.9138770468348563
-0.7202827590490105
-0.0033167717116092564
-1.7970296603044025
-0.5323156124951395
0.045191951263176953
-1.9363733081509376
-0.6055592223562984
0.04810258077523636
-1.887232157998654
-0.600392385991979
0.10135200851981153
-1.8727249639695673
-0.5995966941060519
0.04645916191460055
-1.8855423934462983
-0.6415537797531427
0.09579993601490056
-1.8463282080266346
-0.6361962472570222
0.028140982515876184
-1.8387553206645026
-0.5418947201793093
0.12512154807518686
-1.9123878409766375
-0.6301781658158884
0.02996181544517003
-1.8374862912621053
-0.5682109672355832
0.05206993491943438
-1.894232820313353
-0.48287442609117015
-0.042122989693465875
-1.9469600154281084
-0.5886779952199022
0.012346400554782654
-1.8461492010174667
-0.5192874362069396
0.11864330717556314
-1.887467116945689
-0.5734113298097439
0.10506816746162405
-1.885223732709987
-0.6170342342156883
0.08170113422329614
-1.8266377836217265
-0.4987698568802167
0.1112321337213621
-1.900761060973283
-0.43673678134943744
0.07914457177568875
-1.9301944076994455
-0.6006677744201376
0.04099818467108377
-1.8308735084231438
-0.5609665566858643
0.10623990191349943
-1.866801292517757
-0.5730983963285418
0.12125278927740495
-1.8404145366118532
-0.4933343036207146
0.08917088150740274
-1.8873900187863772
-0.529745140525272
0.027525258439241022
-1.867469442564427
-0.5723841724304117
0.13669252757862613
-1.8436590214904112
-0.5327386462403051
0.09711857970912678
-1.8583142743172547
-0.554432839081782
0.06760786803959187
-1.8533857572542547
-0.5234252234323832
0.09865874395532141
-1.8577285277070343
-0.4370800459691421
0.03093247749461391
-1.9038784328927765
-0.4734709401296338
0.07850849304425327
-1.8692340742670928
-0.537794909818232
0.06286239224157872
-1.8514670007041618
-0.3686986354317989
0.12108536336799124
-1.9192691953204675
-0.5883889045403977
0.0698210457641126
-1.799743762373009
-0.48610543933375794
0.04574532585641813
-1.8622380381076582
-0.5633636184169463
0.09485275836261947
-1.8231131109384189
-0.4477528692211166
0.08171921892786864
-1.8871992873472008
-0.5238849925523265
0.15971603697161915
-1.8356905563023789
-0.5555792053786485
0.08738931824604923
-1.8092365749471975
-0.3814431090633811
0.06888164751816946
-1.8984143003516882
-0.31873038172701584
0.13836914969257363
-1.9138493695960133
-0.4786747164653946
0.1137287178474561
-1.856634911126404
-0.4786747164653946
0.1137287178474561
-1.856634911126404
-0.49854882457664285
0.1403640604602976
-1.8358987473882944
-0.5645498937217849
0.022421800620252903
-1.817544326610886
-0.39098311895531856
-0.011246442978913229
-1.890133465180463
-0.47006460383684245
0.06711698702934463
-1.8474627467046636
-0.4975702899053601
0.01097898429809918
-1.841382447570047
-0.38190806389037635
0.08473765349104107
-1.883649523621315
-0.48658628655011615
0.036653158705688776
-1.8411442367207835
-0.38882952871105175
0.06852062058878357
-1.8895887697627973
-0.3642839815021422
0.08977233722618629
-1.8828626148617003
-0.43826247093298965
0.06681989307746578
-1.846858320399639
-0.405819747324164
0.13448263144377326
-1.8673609291897346
-0.46380759551001294
0.09793416396759783
-1.8481231986494342
-0.4839922574018769
0.04339397588577754
-1.8249719425570106
-0.4087090610023137
0.12238091674600714
-1.8731320772972013
-0.23067896327376294
0.1398132361345188
-1.9100791975944753
-0.3947669769324243
0.12102934707105041
-1.8524001081686032
-0.30341142455396924
-0.017807175153482437
-1.8884710718558115
-0.4298979963399689
0.09981164608098161
-1.8284738839013162
-0.2725717630427037
0.06010437996900778
-1.9013558647568618
-0.31908293429163104
0.12492071039562547
-1.8835011967009203
-0.36798564013333607
0.12634195395191664
-1.8513311921001094
-0.39271548300335857
0.048815195523535054
-1.8526463830492408
-0.40101916592917447
0.10010532533992886
-1.8290377419162909
-0.2666712547226209
0.0925739357876315
-1.9015978304433971
-0.3009499279125834
-0.005278687245514514
-1.8799208222120525
-0.38957404953613445
-0.002997947774228854
-1.8424620672708496
-0.36519286763573344
0.0473289112367921
-1.852945085942947
-0.3599177258722733
0.018351690415450362
-1.8594626727386652
-0.28642811197018003
0.2069222637282176
-1.8544139677608884
-0.3178303306310403
0.13323519164647138
-1.8497628874300338
-0.2599065296725232
-0.018840188818564745
-1.879996877890722
-0.35774522900966976
-0.010935426166072432
-1.8432733014979943
-0.11637922263442134
0.2293881904007963
-1.8828865059252375
-0.304701180494626
0.07122465643118261
-1.86861689965734
-0.2294229005266747
-0.032931024028448684
-1.879754840619479
-0.3265344060225525
0.16676828613040032
-1.829981407404141
-0.28301920518813545
0.07018271907764767
-1.8487587262254863
-0.306461319512272
0.046295749374012284
-1.854123726200103
-0.31930131124830036
-0.02210562344219165
-1.844382596924688
-0.31930131124830036
-0.02210562344219165
-1.844382596924688
-0.31930131124830036
-0.02210562344219165
-1.844382596924688
-0.3324351412776308
0.025455382173946467
-1.8323308491897659
-0.2976683148140094
-0.028405609620527652
-1.8451332217374685
-0.2163385308310865
0.23981051764883088
-1.8434171028017245
-0.344101466292021
0.04583140313493877
-1.8354945932687217
-0.344101466292021
0.04583140313493877
-1.8354945932687217
-0.16102367251855493
0.2618493969425556
-1.8495328264333453
-0.2299029959345952
0.16449133735781654
-1.8444229247720676
-0.09837457420503601
0.2654237494847641
-1.853423091639362
-0.323390353214678
-0.00974202439117194
-1.858431598972297
-0.05356566126482005
0.24252786271172186
-1.859352815752212
-0.05356566126482005
0.24252786271172186
-1.859352815752212
-0.30915478684687997
0.03901010901772648
-1.837619666817465
-0.30915478684687997
0.03901010901772648
-1.837619666817465
-0.03161083571302642
0.17458933688981615
-1.8680725429135547
0.19995452007801823
0.03666644369935341
-1.843061369158636
-0.10704389262091638
0.16786011161664977
-1.8533341641571692
-0.06901303161951373
0.20637723040213288
-1.8543888345236599
-0.06901303161951373
0.20637723040213288
-1.8543888345236599
-0.14725949481879774
-0.025853366833805697
-1.8585341527418682
-0.14073702995264956
0.06531260163809507
-1.8516763253723625
-0.19188942807056938
-0.010464474071768747
-1.8564369500831588
-0.12879852842546205
0.0710869836182043
-1.8517707770939729
-0.16903602109205057
0.186265940068676
-1.8600858195305112
-0.16903602109205057
0.186265940068676
-1.8600858195305112
-0.1209649167819536
0.23005027510448264
-1.8469867686500576
-0.10483448204089303
0.0701051767482079
-1.8520539009226344
-0.038740952774594765
0.23274924991397258
-1.8454536383838611
-0.09282463316359622
0.06833304109599396
-1.8521886975870003
-0.27580587254210615
-0.16344677575074293
-1.830404215401785
0.048990098282193285
0.14596397212608567
-1.8574263550044443
0.048990098282193285
0.14596397212608567
-1.8574263550044443
0.03982288957440036
0.22897571057995794
-1.8496184901731347
-0.12755624627046572
0.28112218354848184
-1.8274050528251256
-0.12755624627046572
0.28112218354848184
-1.8274050528251256
-0.12755624627046572
0.28112218354848184
-1.8274050528251256
0.12357397863596027
0.13086670297459221
-1.847129469206422
-0.035267938703066465
0.06665704999343032
-1.8525315827095805
-0.035267938703066465
0.06665704999343032
-1.8525315827095805
-0.021347810676317767
0.07680034331335535
-1.8527145461363856
-0.2054162325321576
-0.056575855039345625
-1.8307858079904822
-0.09762333223687598
0.15265151758516274
-1.8515686470929185
-0.021015327975533328
0.3894180747610243
-1.823547744971574
-0.10805610502750508
0.27780755085232667
-1.8285874007654885
0.0013151778084405617
0.25147170975273436
-1.8392315582499306
-0.30817650329738233
-0.047438832735637586
-1.7998514351867898
-0.30817650329738233
-0.047438832735637586
-1.7998514351867898
-0.30817650329738233
-0.047438832735637586
-1.7998514351867898
-0.30817650329738233
-0.047438832735637586
-1.7998514351867898
-0.30817650329738233
-0.047438832735637586
-1.7998514351867898
-0.13436970114416372
0.16206634060503988
-1.8375448329579265
-0.13436970114416372
0.16206634060503988
-1.8375448329579265
-0.06062102370126647
0.30881167520899017
-1.8307457117403254
-0.1049129245316974
0.30579284518279654
-1.8288903205059404
-0.05024304125387248
0.14396890971574455
-1.836997307399948
-0.11206856362834294
-0.15262532871478315
-1.8475070302948007
-0.24781609528893317
0.027372872055091
-1.831953252823927
-0.00557346185284352
0.26801666026404314
-1.8280243256206719
0.047885387973718226
0.3045222802267239
-1.8345172511651529
-0.17759854668547895
0.1450181980578019
-1.8317572591432296
-0.17759854668547895
0.1450181980578019
-1.8317572591432296
0.0411287428263284
0.21841928437495375
-1.8495454908513635
0.12320513418314938
0.05828839538958731
-1.851988414102215
-0.11326216859695612
-0.10211031713190596
-1.8610935163666884
0.04573672969353542
-0.223464565393302
-1.8398450612857855
-0.11775082511209212
-0.13556804143585516
-1.8536855441061337
-0.11775082511209212
-0.13556804143585516
-1.8536855441061337
-0.11775082511209212
-0.13556804143585516
-1.8536855441061337
-0.11775082511209212
-0.13556804143585516
-1.8536855441061337
-0.11775082511209212
-0.13556804143585516
-1.8536855441061337
-0.11775082511209212
-0.13556804143585516
-1.8536855441061337
-0.11775082511209212
-0.13556804143585516
-1.8536855441061337
0.12824413311145266
-0.1774847732993225
-1.8368945044630074
0.12824413311145266
-0.1774847732993225
-1.8368945044630074
-0.14138970944774865
-0.32244900971600965
-1.8175866310974844
-0.14138970944774865
-0.32244900971600965
-1.8175866310974844
-0.14138970944774865
-0.32244900971600965
-1.8175866310974844
-0.14138970944774865
-0.32244900971600965
-1.8175866310974844
-0.14138970944774865
-0.32244900971600965
-1.8175866310974844
-0.14138970944774865
-0.32244900971600965
-1.8175866310974844
-0.14138970944774865
-0.32244900971600965
-1.8175866310974844
-0.2026518817424833
-0.20694455072981455
-1.8311362363217616
-0.2026518817424833
-0.20694455072981455
-1.8311362363217616
-0.2026518817424833
-0.20694455072981455
-1.8311362363217616
-0.2026518817424833
-0.20694455072981455
-1.8311362363217616
-0.2026518817424833
-0.20694455072981455
-1.8311362363217616
-0.2026518817424833
-0.20694455072981455
-1.8311362363217616
-0.2026518817424833
-0.20694455072981455
-1.8311362363217616
-0.2026518817424833
-0.20694455072981455
-1.8311362363217616
-0.2026518817424833
-0.20694455072981455
-1.8311362363217616
-0.2026518817424833
-0.20694455072981455
-1.8311362363217616
-0.04067846146027271
-0.2431866054408537
-1.8738193938234189
-0.04067846146027271
-0.2431866054408537
-1.8738193938234189
-0.04067846146027271
-0.2431866054408537
-1.8738193938234189
-0.04067846146027271
-0.2431866054408537
-1.8738193938234189
-0.04067846146027271
-0.2431866054408537
-1.8738193938234189
-0.04067846146027271
-0.2431866054408537
-1.8738193938234189
-0.04067846146027271
-0.2431866054408537
-1.8738193938234189
-0.04067846146027271
-0.2431866054408537
-1.8738193938234189
-0.04067846146027271
-0.2431866054408537
-1.8738193938234189
0.26081515834391633
0.06436284586871628
-1.8606705849496974
0.20808796047163067
0.2553594636331824
-1.8484698326206017
0.24380423181299976
0.18217250724577785
-1.8504201107068483
0.24380423181299976
0.18217250724577785
-1.8504201107068483
0.24542320817857774
0.22302254642058267
-1.8627203565960269
0.3238326211626025
0.15960193854273924
-1.8242667566681723
0.2376109034332758
0.12903119041682767
-1.8548296397424096
0.27339105686844745
0.16226709320058083
-1.854970498415082
0.34099441172587014
0.15479958005765138
-1.8254856865520273
0.16984768601574063
0.1459272335199311
-1.884486215617899
0.2683459835945218
0.12416907548393731
-1.8562352995578766
0.12290443490734505
0.29321418561551527
-1.8731410983949173
0.27735387857944327
0.2779092935400843
-1.8321026431444785
0.21065606271620632
0.13641720309949326
-1.8869218675991697
0.23229570973560032
0.20602825448163553
-1.8599106270294437
0.3023832160388041
0.11968553765927442
-1.8575622412120198
0.4101535942049329
0.11070489314680701
-1.8277329528687396
0.432691407947737
0.0632018308383596
-1.819954292196323
0.29811144391851707
0.014540787336709797
-1.8689626864744546
0.30220751446672917
0.1386864493689024
-1.8519678599886977
0.40511709544860414
-0.0002169720604400001
-1.8305152562808498
0.23273234863001172
0.25090297200829437
-1.868276697269793
0.4084968798291374
0.10955198203478975
-1.8384112657972693
0.2538554482353152
0.14583547493215032
-1.889823360647918
0.29173873858755095
0.10120545161063475
-1.8720670067904785
0.27238151581649006
0.15546244879260748
-1.8945015136954946
0.2752196594047824
0.13295376857144114
-1.8722670687641125
0.3894993940568568
0.05590460446282126
-1.8539952202898107
0.3671239548591142
0.15385417981535687
-1.844298476389398
0.2143634999379227
0.144850532594812
-1.9035650103275195
0.22663825962620934
0.13481626174650116
-1.9059133597872624
0.4900531487946898
0.15971328436196372
-1.7989427407824699
0.5381827890282646
0.1733048002433482
-1.8050603783959749
0.35345418811829243
0.08546834232695479
-1.8755804067119735
0.39717770509703787
0.014765682199511802
-1.8505910639158303
0.3506079064868734
0.13765046429505856
-1.8811096119869903
0.3710581005212677
0.19942327766325535
-1.8578643878008907
0.4807388200272446
0.12566923941940805
-1.8360272362992869
0.4422036742635083
0.10945418118175954
-1.8490115389623945
0.44866716026523773
0.11083616026471055
-1.8494286585338762
0.43994023260393356
0.0971186745878279
-1.8658269423075207
0.4298447619657285
0.13936357575655606
-1.8522484111536694
0.4769219803360002
0.17575231964025587
-1.8363287496495984
0.5500957205940403
0.11567620317694603
-1.7971612695715844
0.3621745544787323
0.1317068463517557
-1.8972029099255692
0.49035870399765746
0.0599133172978722
-1.842909010219849
0.3332283621105707
0.08940481250197062
-1.9188138689869059
0.47096630302193676
0.11248618489119365
-1.867763557338321
0.5070439738866294
0.06346552187482978
-1.864262647619396
0.32373390621547776
0.07144967095718231
-1.9167927169505214
0.4076180307888336
0.10311125863643153
-1.8873164119406785
0.5395596849809633
0.12276912688081797
-1.863068112097446
0.5013998638299798
0.10173672392917112
-1.856599001592574
0.4768234653904888
0.1337105251729552
-1.8595150338466988
0.504207543483543
0.10236208687917017
-1.8375698441422235
0.38168352003616574
0.08954954888405862
-1.9242679616405176
0.5109844455558561
0.1671009004978993
-1.8541329157119328
0.5332391347770408
0.13050687032598715
-1.8340019865806954
0.5477064621936037
0.11891683138862269
-1.8415953264584533
0.5812785305439528
0.08822389013653531
-1.8241038949242272
0.5218652208262683
0.08167394220771748
-1.8775685801938133
0.4623457694043798
0.18081802787572554
-1.8725760777917546
0.5842193719062203
0.016390374274819042
-1.8446886653255523
0.5592697813435606
0.05723835312934722
-1.853267525462555
0.49669577943330173
0.1834160714769406
-1.886728734616213
0.5697228075807778
0.06095469383400279
-1.8745353855361246
0.49304543206338314
0.04983800558002332
-1.8888278666480567
0.5189918453949239
0.14126825331354706
-1.8834921117338859
0.6299695360629728
0.11506572846619632
-1.8113580731190204
0.5370300801274001
0.12815680944039765
-1.8928465524372724
0.5028507160481642
0.11944453426380101
-1.9063792811927256
0.6188233856153482
0.08649693346037451
-1.8329003784777738
0.5526855119602643
0.19835907919841905
-1.8728179745150775
0.6243416965193491
0.07526318599142086
-1.8352223088988011
0.5664898375453843
0.08508462301409576
-1.867533646560064
0.5616566428182237
0.09934286479563612
-1.8809756041205468
0.5764883106629138
0.08140806011068501
-1.8895502025844448
0.5610951671014629
0.1259267570401677
-1.8794204203577336
0.5885899502132077
0.08147308424378241
-1.8770581940798563
0.5157818602816473
0.02290427535389891
-1.9158167836941655
0.6031586162813891
0.1520167322417474
-1.86704837404383
0.5927458249739026
0.06543458372777987
-1.8945583779958324
0.6272623931135466
0.10913203350204284
-1.8467230307568203
0.56553944764054
0.06674201489720698
-1.9068765819535012
0.6188829462910904
0.08494215702224117
-1.8881907985009192
0.6609234782852418
0.08533379710605328
-1.8435741329791224
0.6230352503358849
0.14975561422197936
-1.8722766306157732
0.6675447121671837
0.08347257560352948
-1.8451092490024323
0.5915425442968545
0.12302017606002111
-1.9025768783920076
0.6452133837643189
0.05080547128372104
-1.85828137969898
0.6468614986892652
0.05450158289904482
-1.8725770953207799
0.6324101629929517
0.0824552284498256
-1.8863494535073249
0.658693061377776
0.10794663650238803
-1.8675153778829996
0.6694386640255142
0.05492153191163858
-1.8672608876102694
0.6753488533237618
0.10662695572402593
-1.8754926285412867
0.5641585059755247
0.055080049848678245
-1.963124317855679
0.6608565241672206
0.14209954190956856
-1.8801207220510707
0.7016252089248105
0.08224632582432025
-1.8641051057933795
0.6786724407625188
0.05283273720283957
-1.8765505485185956
0.6479322062301516
0.18161206844929834
-1.8960178862493822
0.7634506945841943
0.07770832144040646
-1.8335283001240006
0.7522290250773038
0.05146686211488534
-1.8521656773304762
0.7427977502101356
0.09898783906417802
-1.8338494495936788
0.7614749578110044
0.05331836002172585
-1.8525738492836303
0.7339084365744254
0.07489776395917573
-1.8663950764390582
0.7031951420620424
0.13967187498830236
-1.8832300119967753
0.5252680715032024
0.041886558176535624
-2.02009121821011
0.6840113567058572
0.1114695526232614
-1.897414018142141
0.7901948406805464
0.10894538454916204
-1.8729463403038666
0.7246034860862282
0.08812493934858884
-1.8910281909659812
0.762234454625543
0.08138521142667683
-1.8451468622960072
0.778113763079603
0.08199509808585474
-1.8515331824793004
0.719545437594672
0.11393648710085579
-1.9095424440417994
0.810125144802083
0.054512800843287385
-1.8309470073766496
0.8336251688023731
0.1499385723687732
-1.8495791141432598
0.7732264258859385
0.13498086645385649
-1.8803475077483098
0.8017469092985654
0.07288402138911429
-1.854800378093349
0.7045248057368249
0.06767253719907103
-1.9533630144617664
0.8269711669024301
0.07411030765861813
-1.8596077487933595
0.8271487745092884
0.16472626741065333
-1.8750245243145105
0.7843936566891897
0.06078668366650728
-1.9078184481114528
0.8610444492941237
0.12150177151255095
-1.8313717046361369
0.8897206365056762
0.101990041440886
-1.84886714126582
0.8735551202278896
0.0809687511749655
-1.8382490251501022
0.8887275967470059
0.13086179187306196
-1.8380073732128064
0.953258107618013
0.09736912917548511
-1.8032983070546846
0.9059919133455725
0.11796145979219448
-1.8267063207544858
0.8961671795652314
0.09641453758023019
-1.8239806054173753
0.9147204795012013
0.08016188765193882
-1.816726321542347
0.9176255839315269
0.07311729323861857
-1.8200443276736924
