-0.46957811660976656
0.09570971654101929
-0.8625783710051944
-0.46957811660976656
0.09570971654101929
-0.8625783710051944
-0.46957811660976656
0.09570971654101929
-0.8625783710051944
-0.46957811660976656
0.09570971654101929
-0.8625783710051944
-0.46957811660976656
0.09570971654101929
-0.8625783710051944
-0.46957811660976656
0.09570971654101929
-0.8625783710051944
-0.46957811660976656
0.09570971654101929
-0.8625783710051944
-0.46957811660976656
0.09570971654101929
-0.8625783710051944
-0.38960850607705894
0.06573287323235434
-0.8946656008053868
-0.3669850851693108
0.0731912681166786
-0.8924472393332219
-0.3733221064026144
0.04581096552888267
-0.8915449925426707
-0.343365931514323
0.07946715919980574
-0.9011631853434988
-0.3573595097410777
0.0634928217466911
-0.8911370049422966
-0.32690216366184216
0.0816535008545638
-0.9021698784229928
-0.3011809452464324
0.09074415783603265
-0.917612518581532
-0.33544355293586714
0.06702077825033245
-0.8899875332837681
-0.2907656270265188
0.08231072507396613
-0.9168324248785571
-0.293615129926617
0.06824956215949891
-0.9139694292722764
-0.30711108018871164
0.08206203724577604
-0.8947471618564431
-0.3031731744957348
0.06981370764956403
-0.9068917534909939
-0.31961803605349054
0.059760549178084335
-0.8809070956391758
-0.3112967962389656
0.03998557520042974
-0.8925077940701303
-0.29215475019844994
0.07580786836120976
-0.8881770091872841
-0.27793275518689575
0.060942166796064276
-0.906811592509596
-0.286025434873947
0.06813346887361188
-0.8910173864645319
-0.24940683436907468
0.04499082028212218
-0.9063886159028497
-0.2722288757404909
0.06038157810702495
-0.898060487690038
-0.2476202198412185
0.07232630600670675
-0.9032832088875353
-0.24372476885407973
0.05591422252835527
-0.9019056363972909
-0.2689066150193697
0.04493159646751001
-0.8913554299245638
-0.24764495105570006
0.05083363798838586
-0.8948252835361291
-0.25814819767589375
0.0682545017907313
-0.8875322412142259
-0.2273567842508873
0.06181893651400727
-0.9046620359876392
-0.2617154660253258
0.04398778124325207
-0.8854209514757746
-0.23461787880906027
0.06338985044327398
-0.8944474054295175
-0.23400186360738176
0.07031105126003477
-0.8883196141897958
-0.20683840381644833
0.04300663649817864
-0.8988110865008123
-0.22237285729552522
0.047313537145694584
-0.8959329196294773
-0.20673472399055495
0.07630610496070978
-0.8935628674205106
-0.172730409162549
0.04567826723095033
-0.9060585326956915
-0.20262938002187744
0.0613055264864605
-0.8941040102144705
-0.23401127774712813
0.06217460301790402
-0.8812457919005021
-0.1827522412738111
0.0392280858279533
-0.8963943873380086
-0.19157093945887363
0.06766158114397337
-0.8904184063999884
-0.172367140250951
0.08704273113118695
-0.8944948629556
-0.16662475755419218
0.07534167767634155
-0.8913022097907629
-0.21704348969841136
0.03971541670222654
-0.882306108978395
-0.14847313939646217
0.06142273173502835
-0.8988256220777053
-0.15697736268763648
0.07115183260758591
-0.8962188969518641
-0.15047545834465417
0.020010746652904334
-0.8951493905774325
-0.1295772443007584
0.0261127038488707
-0.9017755163707033
-0.17299282421627257
0.05515985642767722
-0.8842956395391478
-0.10448225764051672
0.05451849113618089
-0.8978493103658817
-0.11854360277332028
0.08090845088217467
-0.8936962789742626
-0.11117235529762308
0.08329112023756431
-0.8922066056143415
-0.10489919555721568
0.06026711760091333
-0.9018221975081294
-0.10960612407599789
0.05201040296822792
-0.896799573442658
-0.14209207108602712
0.018828409351599244
-0.896552760718215
-0.09375739897508595
0.08094439238811417
-0.8946118413029412
-0.11133188506554519
0.08153825189440911
-0.8889491916477558
-0.10434798521162764
0.08381624073895413
-0.8875512599828167
-0.06588249948846067
0.07427367555576517
-0.8922901061817214
-0.11321328930613118
0.05402725553996444
-0.8813349230149428
-0.08759874234377776
0.0471257494029916
-0.8966643011234953
-0.030496861134695998
0.11369035596430764
-0.8902969715090884
-0.10931526188196626
0.04228550758471204
-0.8832104085007227
-0.04070927007824714
0.07149480308376298
-0.8881654225540541
-0.08203195291910916
0.06835755339163803
-0.8893244214913509
-0.05023952862622707
0.03815334983902732
-0.8878090210495146
-0.05585950150612238
0.05092357886648837
-0.8912246390297526
-0.021493877395463636
0.10311089611369281
-0.8838421132379559
-0.045071276992838354
0.08968938212479521
-0.8816998095883931
-0.024908491675010462
0.11794709532845375
-0.8809433610349402
-0.025288010002571144
0.025756426483649637
-0.8962190647442811
-0.04638655901393116
0.0565645926469446
-0.8842900051107437
-0.0064730383672492835
0.11529943918642471
-0.8796568716011444
-0.008257754324817752
0.058961809982986335
-0.8898790754651784
-0.03151226243527787
-0.05613765288173572
-0.8882208337643879
-0.03151226243527787
-0.05613765288173572
-0.8882208337643879
0.01503402546105058
0.07399415135929495
-0.8788624740890193
0.023233553836683605
0.10235182594393846
-0.8787491404424659
0.016170109221430303
0.13500116640543516
-0.8758111903733148
0.03276245034761931
0.1196217637154917
-0.8728607892637537
0.0032458257088102023
0.10265983021197357
-0.8803909163365042
0.03007960497657388
0.13308180364289518
-0.8762984223273885
0.07338630741454101
0.029501421311571466
-0.8802156162593215
-0.016944890200143094
0.07272124126443616
-0.882343790475521
0.0332084040884733
0.10832690241364662
-0.8836936917222379
0.052138575653853596
0.10634492785812591
-0.8754731469225683
0.06367251338023355
0.19394959334304485
-0.8626560832262455
0.04784226587198658
0.13596579544330856
-0.8723964472587619
0.05137867676396057
0.15374911843431227
-0.8740076563235565
0.05368618738064834
0.1622868125362736
-0.8688011969427841
0.07637966939514086
0.11422199721806746
-0.8762872420690764
0.07057865159714045
0.10586905425318763
-0.8782604340214893
0.08476552411447782
0.11181602834324345
-0.8753750730490034
0.06880438682306027
0.08780126780555657
-0.882908435145699
0.08962832351480296
0.13573776989491224
-0.8682618690815246
0.11634980924124072
0.11822977523565903
-0.8721375208192318
0.11747948518568552
0.11184568913778918
-0.8714058584461883
0.11714370883431752
0.12525654265588446
-0.8707495633276722
0.10385467425629769
0.12342193873903266
-0.8716323894465734
0.12240449400109257
0.11067400526211886
-0.8745765122466171
0.10698543975385783
0.10601313931434123
-0.8760522400828307
0.14167661358191863
0.09843011361503189
-0.8728799449310286
0.14707894391826673
0.09769090601787249
-0.873139683289767
0.15967854564627487
0.09416093361884025
-0.8674542942564071
0.1646429602952427
0.08164825413495015
-0.8740430372671615
0.14675269088033574
0.0910678315481704
-0.875825577966875
0.13866239314145362
0.11826331253837052
-0.8804323736079795
0.15886008931101336
0.09016956396356243
-0.8809742421585604
0.15424523575214022
0.12519231822417065
-0.8752055722222789
0.15373940543876136
0.11784434325168698
-0.8811943483045309
0.14862864848223217
0.12115276225309984
-0.8826055744398739
0.1533697426818055
0.13670197199358136
-0.8789734734928875
0.18387238624069854
0.1013646791020042
-0.8756505021204181
0.19760082695289993
0.12222709010448933
-0.8741358096806
0.20315600880254533
0.12073570703349273
-0.8706985920771998
0.20200627816036634
0.10724494592251664
-0.8760864720239675
0.20976457762586392
0.09505532881361288
-0.8739902512987017
0.21604330375879427
0.1140296343407352
-0.8763146945768155
0.2181492281987506
0.12557487015019106
-0.8754158454798292
0.24079908312449072
0.10846347413986966
-0.869174388016519
0.24315210098106319
0.11493407852760644
-0.8639027323340835
0.2212205717323725
0.10654281531966737
-0.8819645979392089
0.24655966158321144
0.08786681083835025
-0.8706601056033925
0.24747971244514805
0.08916929850384502
-0.8777962671500095
0.2580914357962932
0.09159184031532892
-0.8716497961754714
0.284644277963057
0.09097047687246011
-0.8552336666818978
0.22955215088204553
0.10723976019522573
-0.8918262305216725
0.2411144317038647
0.11536952733855278
-0.8841799576229246
0.272698983040563
0.09327845376470935
-0.8697471333625972
0.21094449268942736
0.12013694770453734
-0.9090595747282693
0.2750606252103047
0.10278013055156532
-0.878303462651828
0.2738280040241286
0.10952867564270036
-0.8819431862492972
0.2853072399928407
0.11894402987982663
-0.8796601736393714
0.30317223000473
0.09871228896249548
-0.8662873130528113
0.3070223253112775
0.10962342593129994
-0.8745809500998398
0.27681104717251653
0.11306637026235872
-0.8900504398951036
0.3006006871743008
0.10347942261730637
-0.876934709430609
0.310199436045064
0.11362953727493845
-0.878232997653853
0.2976930892072428
0.11868030595261468
-0.8831746315299815
0.3223668784223844
0.10266390023313625
-0.873773420353699
0.2898513279533353
0.10560193919444744
-0.9029232749788693
0.3125110341229304
0.10321651947507328
-0.8915132722224807
0.3387686853855805
0.09326479918098673
-0.8733782345178969
