-1.1038170774473857
0.056523554567941066
-1.749880974688062
-1.049356452625167
0.06808637762016356
-1.8302880835012794
-1.0712902815974032
0.09510082072858937
-1.7482097364466704
-1.0452895813458485
0.09430106612112105
-1.7846349404279176
-1.0592814796395833
0.08723535041274905
-1.7510524752710952
-1.0499833483930086
0.08326283825119568
-1.754634740325661
-1.0284016286612252
0.05987758208234164
-1.7681434698541822
-1.00818280622592
0.06794094677327736
-1.7718355209387822
-1.0164202669286038
0.047891003263926916
-1.7573977843564461
-0.9992721537022347
0.09660752129515998
-1.7836111095399947
-0.9914803640507194
0.05117960365856667
-1.7657113384351875
-0.9650027856675494
0.06651105342806773
-1.7887630392951832
-0.939956612360033
0.11580910050114328
-1.8269633800025848
-0.9487065031633982
0.11118214066386987
-1.797923377635396
-0.9617516091423364
0.06608897298136346
-1.7575028034845228
-0.93084561158144
0.039468227590502086
-1.7841701873158722
-0.9125847076296328
0.07201911570553939
-1.8039117533137463
-0.9437268785275487
0.11575858145455634
-1.7427117521736204
-0.8584740697736338
0.07173586497891019
-1.8480208815143768
-0.8944994878643894
0.045971387086729765
-1.7939317580281846
-0.8898197727639964
0.08592108611602146
-1.8034005778530722
-0.8727599504854381
0.06809396564150806
-1.832242169776251
-0.8855751110203908
0.06367656884076649
-1.7897778495303376
-0.892804095831848
0.04716239790066309
-1.7731955817657297
-0.8130024426165418
0.092931374864606
-1.8506973907743534
-0.8659130665035111
0.04880242503540085
-1.7828328879972388
-0.8580983216900331
0.08173306592403684
-1.7804172042517934
-0.717563874232081
0.0817503727339132
-1.9070833475567237
-0.8411598738551658
0.08548391059190262
-1.7717740429884044
-0.7657812875311818
0.03931186648953707
-1.8511598735800028
-0.7749025027491306
0.01728213608800216
-1.8456519660567132
-0.7660278951150484
0.06658956080456843
-1.8224832829025934
-0.7145469510016683
0.042833426548739534
-1.9086634321654168
-0.7698589768473201
0.03745686827456221
-1.8181938789085632
-0.7848228174348284
0.009628890584564467
-1.8112478158815781
-0.7223316563514488
0.09519306033264857
-1.8384136485586406
-0.7153381617905642
0.09670279998317179
-1.8520165733163447
-0.7817793787789417
0.0826768334332889
-1.7916760053993852
-0.6704023008214568
0.07154829958128016
-1.8789106852042083
-0.7214211166225266
0.03817850578413314
-1.8280840979243462
-0.7086969373235369
0.11838057786458321
-1.8211278469622105
-0.7185989163624349
0.03533388971445894
-1.8225506544514343
-0.7352069250008313
0.10435177476357008
-1.7984265958229395
-0.693290078980255
0.06123051624484849
-1.8360948081687114
-0.6580161617477808
0.03368304078635624
-1.8603752155416036
-0.6523328196682329
0.03730719218281225
-1.8604123246539004
-0.6952458479256047
0.08522630179415755
-1.8176459063699253
-0.5926252079185811
-0.010424494910828263
-1.8866812699947397
-0.6362151138302655
0.038695482060237554
-1.8599947812994226
-0.6797238891212491
0.03902819086714533
-1.8095513859039112
-0.5440028078575745
0.08417170340467281
-1.9021767194168986
-0.685258275213832
0.01335083432860233
-1.7952544883360897
-0.5968464344592241
0.06772217823781432
-1.8511056086713176
-0.6096374549251226
0.0997922335441996
-1.8446858321324608
-0.678683176504176
0.10066357357645299
-1.7960418807247738
-0.6517907383878584
0.02775952518412554
-1.81965396193031
-0.6842022974231986
-0.12403034381865635
-1.8095983461183531
-0.5982977736928812
0.042407392808431886
-1.8420217409437991
-0.5860535240479815
0.030973341730886426
-1.8354317106324405
-0.6161069303899255
0.06705878465484914
-1.842257338307135
-0.6274427761047615
0.088303935380425
-1.804313898564472
-0.5995647636902354
0.007208055627883755
-1.8253849165209848
-0.5468856912087406
0.07279481147699532
-1.8570356863773254
-0.6139508777526188
0.026422399522582678
-1.7949109531080123
-0.5625736534643417
0.09798280043470829
-1.8366422431884328
-0.702753142358681
0.0312449669738989
-1.770724412439965
-0.702753142358681
0.0312449669738989
-1.770724412439965
-0.5555414075163501
0.02767490608638266
-1.847498250894929
-0.6052904798527056
0.0366403272660587
-1.796334080159022
-0.5215672392175479
-0.004268090902476432
-1.841263036080071
-0.5653201925579345
0.0084139731964881
-1.8174473840426368
-0.498918421907122
0.06292222623111755
-1.8433700255978938
-0.49447357957787325
0.06528911428143355
-1.842217625321457
-0.5032054452931188
0.08110531596032099
-1.845938996372131
-0.6740040353184272
0.07219179581165393
-1.7171754661140666
-0.5058159125092794
0.06760941570194576
-1.8503054897957552
-0.586683866202052
0.06189194259853205
-1.7671041830144187
-0.4949373261406929
0.0661829576552829
-1.8287633331212017
-0.35259395641357466
0.026954747030617277
-1.9081248502175856
-0.6351194257583846
0.10646735965567895
-1.7279944778777414
-0.3368160562012882
0.1758535489377833
-1.889751357284782
-0.49185399999650325
0.03797957734175676
-1.8141782092487029
-0.49185399999650325
0.03797957734175676
-1.8141782092487029
-0.49185399999650325
0.03797957734175676
-1.8141782092487029
-0.5617175072287746
0.009334631404247397
-1.7688403595382542
-0.5113191199593037
0.06924127367298867
-1.7988848679120866
-0.4361087418413959
-0.0194638243065737
-1.8391422981046153
-0.5372143814863215
0.15520133316258533
-1.766986186578498
-0.3977631635145578
0.18382476528090247
-1.8594472252034837
-0.6242886723809473
0.1320922664259669
-1.718712359176123
-0.49937042086104055
0.05931633011970218
-1.8008026226121066
-0.48281419565600026
0.07437996665106322
-1.7944239346147381
-0.3991349778680339
0.01151067178717553
-1.814811246897643
-0.42145707677493227
0.04291298065856326
-1.818612256020777
-0.42957148805266465
0.08478567816100381
-1.8104111592265129
-0.4619162989051271
0.07212730338578277
-1.7913616234418184
-0.46353599980344906
0.12727049596718143
-1.7936496008214804
-0.4514948817867851
0.04989848784183051
-1.791601836486431
-0.3603564423115237
0.07908865425732632
-1.8398660087490712
-0.2698734345289179
0.22874589104149537
-1.856435991475506
-0.4286373714480813
0.000843908597916503
-1.7938740884112
-0.4453341452587139
0.07987618460176506
-1.7931064466801714
-0.31383114766527964
0.21774025132637076
-1.8461169420501666
-0.43464441495029943
0.029172287845551564
-1.7785912557287342
-0.3182474678631578
0.11338507031246096
-1.8337484589691928
-0.4283355494614751
0.028049240235397985
-1.7968583393937665
-0.41652787591764445
0.08206718083473971
-1.7908254231627045
-0.37656294996306394
-0.024162321292327107
-1.8254041560177898
-0.43636275202520053
0.029529143226424772
-1.7866213137590115
-0.36892877742204006
0.05391854441165638
-1.8017375598325107
-0.19632451555978142
0.08004109393430085
-1.8633297001888567
-0.3637456879004455
-0.010167128810531275
-1.8091259922978462
-0.2503997926278204
0.06853256331541749
-1.8494293050954764
-0.4063951505981189
0.09331511714856555
-1.7922607954829353
-0.36903420158840977
0.02318772478055122
-1.79574584254287
-0.394110408987448
0.0898181747061066
-1.792170473263809
-0.45254830088194664
0.07339991287756473
-1.7590760803455125
-0.34995050725965404
0.04995188462949929
-1.8084419977652466
-0.23328046080555714
0.03653066849993482
-1.8306458829228585
-0.316729529302482
0.08232560544952675
-1.8026597412476184
-0.37141692599270265
-0.07404595881139557
-1.8053365382609132
-0.30082305398356035
0.0819960601472039
-1.8216832389621123
-0.2913125341037737
0.08322664953002097
-1.8021124623387923
-0.37634151330167137
-0.13824619757813647
-1.7603128948028521
-0.31496883801168096
0.04453549077435252
-1.8184023633681214
-0.3049621395981437
-0.001979936092411824
-1.8003446058046213
-0.34412952807612623
-0.02919676651825509
-1.7916572597794564
-0.34412952807612623
-0.02919676651825509
-1.7916572597794564
-0.4098938209861533
0.052742876477568104
-1.7560737051705977
-0.2967319495070213
0.0947612754360173
-1.7908230681579345
-0.33792398650613775
-0.03056343513648813
-1.7813810167801516
-0.1293511305845245
-0.09218212535002808
-1.8264491254798259
-0.12262317701865655
0.20764061805656686
-1.8262040632116134
-0.29626517774684225
0.060971579897852866
-1.790335233385894
-0.16492798893196245
0.060038576969873275
-1.828533122874735
-0.38522177574565925
0.061743747367796954
-1.7608620367600019
-0.2083310639628885
0.12211868980910552
-1.803948602867789
-0.24370182095823034
0.010004830181821236
-1.8219087587870317
-0.34982031873405844
-0.043121357597895045
-1.7583416309616071
-0.08091371394803398
0.25460189954448326
-1.8088731672695306
-0.37687613174080914
0.07607702152164421
-1.7800096200560136
-0.23626744685637277
0.057931060473728646
-1.810814005916838
-0.0397463849720816
0.32765152659530294
-1.7942548982329227
-0.0397463849720816
0.32765152659530294
-1.7942548982329227
0.011949550073491393
0.21914844225576574
-1.806529669735536
0.01516976830253153
0.05541298424302119
-1.8144772714846173
0.011281087888889667
0.34827915349017574
-1.7834508098409816
-0.18585309906275754
0.06720587028491466
-1.7927456200240557
-0.1464198359208596
-0.2100860889140075
-1.780350512314787
-0.1706185202581937
0.06988819073328448
-1.8120869817592309
-0.2549249843598874
-0.009335024758447998
-1.7738492330323747
-0.14520850569956564
0.2047312168935598
-1.7928860957725175
-0.14511700385015744
0.07352382726461291
-1.8124654011607824
-0.25971192548940847
0.033656453064567764
-1.7646898118093692
-0.25971192548940847
0.033656453064567764
-1.7646898118093692
-0.13161380272727952
0.14093384663812075
-1.8007550781770831
-0.13161380272727952
0.14093384663812075
-1.8007550781770831
-0.13161380272727952
0.14093384663812075
-1.8007550781770831
-0.20502706426731646
0.05804394746875988
-1.780619418792886
-0.20502706426731646
0.05804394746875988
-1.780619418792886
-0.20502706426731646
0.05804394746875988
-1.780619418792886
0.07762192073535196
0.1183810642547609
-1.794742060421533
-0.01639034521712444
0.34224374243642736
-1.767482324189037
-0.12767402065072184
0.29273514457928734
-1.7688248924089327
-0.04513223925208056
0.06677652446993979
-1.794404073279309
-0.04513223925208056
0.06677652446993979
-1.794404073279309
-0.04513223925208056
0.06677652446993979
-1.794404073279309
0.09373872473585727
0.2628597193577805
-1.7734773964210377
-0.005163627024106651
0.29905145583381454
-1.7682879231302473
-0.005163627024106651
0.29905145583381454
-1.7682879231302473
0.18589265481875472
0.015095279922282951
-1.772468978604221
0.18589265481875472
0.015095279922282951
-1.772468978604221
0.02009693195847142
0.0705122833330566
-1.7944418100972028
-0.05212380319370964
0.22530993923692363
-1.7887727626723324
-0.05776102210387939
0.22727395186178098
-1.7836160027515506
0.20527317617533042
0.022174386422978816
-1.7698457282413296
0.2843446858967486
-0.05479899562499555
-1.7764913462435146
0.11703988025007796
-0.10725381172233679
-1.7920049933854223
0.11703988025007796
-0.10725381172233679
-1.7920049933854223
0.07701824450153855
0.06375744884940132
-1.7943237996822858
0.0443273394940736
0.2862436378992679
-1.7588741737963611
0.0443273394940736
0.2862436378992679
-1.7588741737963611
0.19358115418851238
0.04804684212152823
-1.7882794888690823
0.11276919899878862
0.06265609015374063
-1.793946874552344
-0.006417749690740864
0.1305669556873872
-1.7849481751798029
-0.006683522979378448
0.41255325416852967
-1.7593051017720394
-0.006683522979378448
0.41255325416852967
-1.7593051017720394
0.010358435933074265
0.1743260801869272
-1.8054041492036441
0.05395590375944823
0.36294322121340844
-1.752536951134085
0.05395590375944823
0.36294322121340844
-1.752536951134085
0.06004420610908142
0.4422887701138453
-1.7263194415371306
0.029836383226067947
0.3268658812836927
-1.7728657476408418
0.1892653839519732
0.05922511497572994
-1.7738377600101705
0.0037714359466990794
0.28366610288223276
-1.7768281620389275
0.06959411182419797
0.34389790671902193
-1.764295491360062
0.06959411182419797
0.34389790671902193
-1.764295491360062
0.06959411182419797
0.34389790671902193
-1.764295491360062
-0.09307935640400088
0.17463814715845397
-1.7752938663059872
0.10234175748373447
0.2172963886990304
-1.7874362937761126
-0.11215012335209522
-0.058103448593031695
-1.801956637222585
-0.11215012335209522
-0.058103448593031695
-1.801956637222585
-0.20653391476847027
-0.1860409182194546
-1.779165371838876
-0.20653391476847027
-0.1860409182194546
-1.779165371838876
-0.20653391476847027
-0.1860409182194546
-1.779165371838876
0.03403344056716298
0.09024815008211325
-1.7981962866967236
0.3141046490665565
-0.0018509512282059589
-1.78079399178146
0.3141046490665565
-0.0018509512282059589
-1.78079399178146
0.026389614146693087
0.1736438424330076
-1.7984130782345928
0.19672277202252664
0.19924943736954934
-1.804724012324388
-0.04003095346872838
0.3440306605159785
-1.798843383416126
0.1182290268487986
0.24692186063770485
-1.79008982043343
0.38036508265971175
0.12817563475903973
-1.7548260810040175
0.15301003547497555
0.18752027516940706
-1.8104054033989183
0.04138325648630439
0.1761183216150216
-1.813799981577928
0.11884273407190611
0.14599831111824918
-1.8042036117700575
0.04382003749223891
0.24282950575350223
-1.8104888657325147
0.25192037684197066
0.1619292834500111
-1.7753832296043037
0.25192037684197066
0.1619292834500111
-1.7753832296043037
0.2320117190665414
0.22428109997819293
-1.7779822429518832
0.09442138014543833
0.0784510214194994
-1.8082218168276238
0.25552502635209656
0.12129281589973816
-1.7778594185017949
0.22883940419437893
0.0926904005560387
-1.812057473560552
0.19915520826901323
0.12648443492354694
-1.8065925504348628
0.1602401308778344
0.19859254327129713
-1.8098205812466546
0.07866829447160599
0.1595670996782738
-1.8209774650966488
0.3271295234422892
-0.008532026395348634
-1.801209951951874
0.13691293977116595
0.18487640927855412
-1.806971303578306
0.2910847205028998
0.18941559219009918
-1.7900837492046107
0.1851842043311876
0.01916136280144696
-1.8226815122972442
0.1851842043311876
0.01916136280144696
-1.8226815122972442
0.32820930338364507
0.1452851474009493
-1.7773870994464724
0.24649604451950075
0.06803716790008589
-1.811351318524155
0.16010536051945823
0.08420363905474965
-1.8415512993961063
0.31667463720317335
0.0711902669919294
-1.7984761840906558
0.2173848781882234
0.2215720433639835
-1.8095928356252369
0.250906944055848
0.02461743735098448
-1.8254757107328252
0.2589129914827759
0.020875649784304045
-1.82575863718404
0.3208817552050075
0.09190564471559469
-1.7944018876162808
0.37571449225542086
0.0978755359494682
-1.7839536420007984
0.3639441095762299
0.07496163694559695
-1.782173912856965
0.2894572608552352
0.1968822191877504
-1.8059411913415044
0.2894572608552352
0.1968822191877504
-1.8059411913415044
0.4308728445431741
0.0700296084855175
-1.7813834252219416
0.4308728445431741
0.0700296084855175
-1.7813834252219416
0.30454068753723235
0.08255250469447244
-1.8155254046590532
0.25405159038982705
0.1966646422310384
-1.8198542076646331
0.255068257759983
0.07478736244812556
-1.8559502865754907
0.3439456595897044
0.1585946854773057
-1.8021423887260755
0.2534725221300488
0.01047312606744242
-1.857414452764581
0.3906389601441097
0.07583996272546073
-1.799412613554778
0.3573279884488245
0.151383161813687
-1.8052834936201987
0.3571713407701401
0.028064321174582168
-1.831080254212997
0.36466364026975284
0.15044127608842925
-1.8067170781456157
0.36466364026975284
0.15044127608842925
-1.8067170781456157
0.4648671956905679
0.09248340661624059
-1.7767635459791824
0.2438752960102054
0.2489663848559532
-1.849121121818335
0.4388006737593236
0.05367971132243392
-1.808714644698019
0.39884739702091626
0.09469264113876219
-1.8076718209966989
0.35634647299993266
0.0856463200391572
-1.8384897626219447
0.4065223978179369
0.12289742790232955
-1.8063240334052517
0.5201451949614823
0.09756027298683993
-1.801556804954233
0.3180174575227196
0.18908934731245589
-1.834740204164399
0.4227212696088111
0.09787531852456131
-1.8297924502576954
0.4377708064551712
0.09891174958605835
-1.8162767124084376
0.3282337909048282
0.18483014461608072
-1.8376049247870982
0.4601308043286976
0.0668988203925833
-1.8079728084468145
0.5069902807058275
0.08570108900235263
-1.78387607910325
0.4095162935814751
0.05557250223360894
-1.830815912473583
0.4420182093402339
0.11343134083815205
-1.813010047620835
0.4038747564197228
0.07085811249572678
-1.8463750947348931
0.4494438093136345
0.08720632481494828
-1.816412564475229
0.38051064826622016
0.10283071402043055
-1.8509626834597956
0.3451799022455407
0.15892495730166953
-1.8634716278456218
0.4596563598611087
0.1104438725649814
-1.8166982798764089
0.47847334643378936
0.14870757678980495
-1.8072442610504902
0.46671883681184345
0.08587783227305897
-1.820000762268581
0.446158467852046
0.13967636984775508
-1.840543217098411
0.4742385677816953
0.08977860203553455
-1.8212043905114284
0.47079021903728363
0.009152284411283882
-1.8274319354006308
0.48103282018903504
0.08490751664712211
-1.823188073227345
0.5186742623545721
0.12130435237221035
-1.8096757491384374
0.4215599183856051
0.10022123232712649
-1.8595630788570916
0.48941746241714795
0.08655430746090079
-1.824895144720273
0.381340742763298
0.08659543449287146
-1.872297858462417
0.5029586465667256
0.028156565615993563
-1.8372379625980046
0.47419623597935884
0.1325305209984108
-1.8287811586856075
0.4118266375434803
0.16080610866366327
-1.8606376951579635
0.43942375663560235
0.09338377740225647
-1.864254804873193
0.4850992246855187
0.052686169779199606
-1.8469939110651739
0.5976475573800641
0.10099250017092583
-1.783176350895073
0.5282584860384846
0.08829674312876207
-1.836944285506439
0.6365500014306201
0.07304643455134732
-1.785695329737714
0.4993234541699337
0.12452924280976682
-1.8355959113837668
0.5610346914745084
0.11486335448460366
-1.8203483180220066
0.45918718739642667
0.14673583040529223
-1.9177716927510724
0.5134220728638428
0.10817884479409695
-1.8590392207961073
0.57051390143337
0.11208145702596739
-1.8225947297991125
0.4820648355928443
0.12056241483865501
-1.8699828247202537
0.5975289096644607
0.08359300057297432
-1.8005776137046663
0.6016981110631107
0.161284888659267
-1.8199307740405308
0.6342026049949282
0.056730356526747246
-1.814498425034903
0.5336463463676911
0.1221754746394907
-1.8417211689327717
0.5088183005418375
0.0325102016898447
-1.8870825185963152
0.5949748877451457
0.0561913088287015
-1.8339339196368232
0.5489374353185157
0.12430649460249245
-1.8629092760129653
0.709610809899759
0.09965956540927452
-1.8461939416175996
0.5671115466286962
0.13395957021878246
-1.849397393823303
0.6015984283338336
0.1455059939961254
-1.8374803308419059
0.6314041816627746
0.16678781038312926
-1.8178321337044943
0.48692729502089815
0.10922896359920391
-1.900507865502007
0.6723225288949315
0.04287156726211686
-1.7875050108939887
0.6589447054883225
0.07856078713180031
-1.812284885391467
0.6483500305560917
0.1748930338272087
-1.804633345111232
0.6366093370523623
0.05589243216060347
-1.836393868718295
0.6019430744890629
0.1202538798154726
-1.8663996667041882
0.669281180748125
0.08349383301001162
-1.8059236142856692
0.5886533291991954
0.13741809856650863
-1.8708952531830803
0.708595389922708
0.09962311706150469
-1.7943637163048778
0.7164273712804993
0.10399185550915555
-1.8004867805559537
0.5104185971403187
0.13680974921300762
-1.9341754174766879
0.6644072544639826
0.07925790629660455
-1.8486106779160223
0.6503092096171669
0.12182035312116009
-1.8517495454585544
0.6329481998037134
0.0937909816074566
-1.884441699767934
0.6636260396285016
0.11197415727508404
-1.8649040505296297
0.7509851131998866
0.13675244314896776
-1.8279705682961644
0.7259744104723891
0.1008661368291472
-1.8215238796410564
0.7457904516495767
0.0808614919011222
-1.8204090514600695
0.7070799408019073
0.08631804675929815
-1.8369806149313757
0.7511008018361672
0.07068820806031596
-1.8126846697244108
0.7244792559582232
0.08136945551768877
-1.8350845944562126
0.7802785553695404
0.06751394568056819
-1.8163921872945898
0.7982268345062792
0.08784160257874005
-1.7857235155603675
0.7212542632969527
0.07789234055607237
-1.8759863638057397
0.7825970308722898
0.09036960819825979
-1.8190590817630665
0.6737042243864022
0.1213311106384033
-1.9521789045515745
0.8610260303261047
0.02959326169471037
-1.781112966883826
0.8260122346877571
0.09068138307260223
-1.8067712849681468
0.8096642120911185
0.0755685955994836
-1.8204164252873272
0.85754533991474
0.06867644485787441
-1.7768522069901216
