-1.6536352838443773
0.07687201565681986
-2.2298870151605152
-1.6467854815627578
0.02913955329099576
-2.279775629925835
-1.6267374584526375
0.020239178732024996
-2.264984193564997
-1.59345445306079
0.047254611480636664
-2.2843529547416686
-1.5854787899849798
0.03801326390081456
-2.307063605918073
-1.5582386027935455
0.09894063715080666
-2.3146476810628656
-1.5307324058535767
0.14543120245184568
-2.3501328705315068
-1.5379377700960244
0.05790345652715853
-2.300798383138468
-1.4918420634166671
0.0179875644485417
-2.3764391185002838
-1.522188089587692
0.042281379881672375
-2.302676201463675
-1.5106120287783025
0.03980222151761531
-2.3073349017636913
-1.4338094028230832
0.07191682654700203
-2.394921993895565
-1.437022211559058
0.10490898529979982
-2.3618770267599114
-1.3751226342856522
0.05370145248228422
-2.4435231858725577
-1.4169003730544374
0.06917482113853808
-2.347091132584349
-1.4174628802215596
0.06450772412520282
-2.3876022814058624
-1.2706428208989142
0.13352400808151887
-2.529467870047792
-1.421800121321563
0.06610530699009826
-2.331674993678816
-1.3414495456179814
0.04049444585868108
-2.421777055508794
-1.3909294064512965
0.02002542747867721
-2.345253255859231
-1.3782790990716083
0.06266330029258722
-2.3461219442121477
-1.3539612170216746
0.1037969460151473
-2.3756041487503414
-1.2742234183554098
0.04615000176901117
-2.4415681767581647
-1.3052169437726613
0.04079435654321786
-2.3777151243925023
-1.2451901966408323
0.04884122666660921
-2.44929036110759
-1.300180238837035
0.06757671641054937
-2.352360589292004
-1.2544315053600967
0.0723603779852216
-2.4359811783714296
-1.2824205946634644
0.0690374756774983
-2.3524242179681307
-1.2287547549679205
0.07093687836816537
-2.4421307195144264
-1.2004338455812076
0.12133016782727958
-2.4703253162082492
-1.2577268944752966
0.14671821162917345
-2.3703940957793748
-1.274511917918153
0.03731541943750789
-2.3675893635068133
-1.2643984860915545
0.03931024316674701
-2.369735353676732
-1.1799649910157641
-0.013796763437804099
-2.4720679492291677
-1.1344550193886656
0.04188159993597231
-2.4902222871261817
-1.2104902715836316
0.08289188618106648
-2.403496095113829
-1.1774692512995355
0.11163042122200721
-2.4163294744112465
-1.2326855735018347
0.036378649861803294
-2.411724278397794
-1.1205741421960782
0.0748683150509419
-2.4613458409931335
-1.1085059358782063
0.07531137213759066
-2.4627105440988326
-1.0319210270778563
0.08166307704332255
-2.5342863709557504
-1.0891949024010428
-0.0030642369559669923
-2.469083763551458
-1.0857953930264286
0.07398765944154238
-2.4648329430611557
-1.0569949184618808
0.13173880381517816
-2.490009085730965
-0.9629733262495421
0.03610726177780958
-2.572126910560577
-1.099516912385318
0.02875860817873543
-2.430700084797171
-1.0952413725377377
0.1185971782326027
-2.4231989130823797
-1.0806703651892788
0.11806995199804388
-2.4308488955719216
-1.0554671525651371
0.0919718537424808
-2.4797403320390727
-1.1112283650290415
0.08138196092169252
-2.4113672053154316
-1.031076254294085
0.076011268175023
-2.466149490643678
-1.082000806180427
0.12196040808738601
-2.4568783742060623
-1.118227205119877
0.034969212644314275
-2.383918067876209
-1.052612071677347
0.03868148062290001
-2.451425827498751
-1.0739240681181146
0.06724747003560538
-2.3972639325573586
-0.9383914374469833
0.19675906202495383
-2.5168875463904805
-0.9953739749179525
-0.009390916966329009
-2.468995534466867
-0.9581114197798623
0.04601252122337692
-2.5198958146401598
-1.0908831294269026
0.03306314522306602
-2.381135406974662
-1.1049265419344496
0.03229544964668525
-2.4135818056099945
-0.9770089818337977
-0.010211154831377005
-2.466554086076637
-0.8688378102379034
0.15990036309520797
-2.552509720275872
-1.0175788525995029
0.12105293290425768
-2.4164682959433534
-1.0510195969037255
0.07903530844620062
-2.4047441314450895
-0.9795189439976786
0.09272314143077226
-2.471617741799881
-0.9627503651943413
0.07631418791896485
-2.457920714425043
-0.9586415722989303
0.07857494330499919
-2.456875117277706
-0.9210764218820096
0.04011927570680283
-2.490901787174106
-0.9644945442493973
0.0954453526841627
-2.4678694436156547
-1.0552559772052117
0.03120322045021911
-2.3736313297146485
-0.8462202853058856
0.105165560378944
-2.509293236198607
-0.9682410482113486
0.03968875253522812
-2.405461789057811
-1.071622042301212
0.11280967128376129
-2.4166819226148664
-0.9622020782609083
0.035703994496967456
-2.403684084160987
-0.9296274284866973
-0.012202902306538876
-2.4557987694290975
-0.977116258284789
0.11925139160727719
-2.405870456197735
-0.8428392073364589
0.09120348208359808
-2.517802451027934
-0.8879118176793342
0.03092602643680521
-2.4810361964754746
-0.8713372467031648
0.0431988680534334
-2.4677656984537983
-0.8322418994247291
0.11301752377099963
-2.5138427756118875
-0.9123446617026207
-0.01068187833764557
-2.4508374001551587
-0.9123446617026207
-0.01068187833764557
-2.4508374001551587
-0.7986589579493817
-0.198240690481639
-2.5056449044623665
-0.9062388424515181
0.07832688784674073
-2.441779835490554
-0.8539085679672699
0.043551005865132095
-2.4625153688713826
-0.9457550512425014
0.028214217867642673
-2.4280679506096523
-0.8579840887102665
0.15455142781946188
-2.448150692457797
-0.8136888824276465
0.10963234640142624
-2.484157744086061
-0.8572309439781225
0.028960586240201987
-2.471470966129958
-0.8548868886240047
0.04872823918701198
-2.470683052973307
-0.8541322446409902
0.04766641130864648
-2.447685377254991
-0.8826639058532875
-0.013972761882262487
-2.44150294128349
-0.8315945899753525
0.044078326053819145
-2.4558764250793965
-0.8290847753742288
0.04414247509031923
-2.4551587559397854
-0.9071688746664958
0.040514776052417614
-2.386664462716031
-0.8907856195774377
0.18587339437230968
-2.3943415219276623
-0.9939935117365127
0.11439756636754862
-2.3438663432105855
-0.8707353961719851
0.0999914047061584
-2.4302015642252015
-0.8150221601815771
0.04938229319813023
-2.451332465435689
-0.8660407707801153
0.10714190297746791
-2.428471438191985
-0.8633549523731171
0.08239422030530572
-2.42874211677944
-0.6332269253725342
-0.021567070226606103
-2.5382238298755797
-0.7566359599461436
0.09501499928155398
-2.460001308961355
-0.7372923444621657
-0.011888522058020785
-2.4894440106128055
-0.7444489736548915
0.10509484698992173
-2.480785375941931
-0.7793814275204447
0.028637816097924946
-2.434033043798509
-0.8047217591082335
0.15028357941257622
-2.432027852741422
-0.9215585345269006
0.08836767626830838
-2.3575616481104853
-0.7857086249947524
-0.07355162626413199
-2.4427809224307246
-0.7826626272790761
0.047963334552968286
-2.443716472839925
-0.7237718464493462
0.11006133229854236
-2.4761317572157027
-0.7780686956274369
0.03847784576235574
-2.4419528087875446
-0.7249556200158342
0.09731606054023424
-2.45297118054942
-0.7219067545959005
0.12366860962584211
-2.451029033339922
-0.8122934655873025
0.08147247561940402
-2.3861118987735797
-0.666479294490308
0.039534848757770746
-2.4850671954576486
-0.7976904573522114
-0.013441115069371524
-2.4123273383204595
-0.7630122960539684
0.031109713024271575
-2.416374714325983
-0.7047239851196134
0.12615112849927923
-2.4478379042088583
-0.649434881951894
0.036779214663889996
-2.4823297743869066
-0.6293356207609986
0.06115355389735047
-2.4703177617261494
-0.89379587806038
-0.01616936259701936
-2.388034261356443
-0.7479250442366503
0.031276716686753026
-2.4139527867250647
-0.7373031117041283
0.0442332799119058
-2.436081812087169
-0.7373031117041283
0.0442332799119058
-2.436081812087169
-0.7778323564496694
0.08323988761853793
-2.3804429909719738
-0.7337599390600696
0.028792740257539706
-2.411962241731445
-0.8634377318149278
-0.01703323653752986
-2.3528152696976403
-0.8634377318149278
-0.01703323653752986
-2.3528152696976403
-0.6654204488505181
0.09924911263535095
-2.4440479813637728
-0.9122726017937132
0.03542256813283617
-2.366018597601908
-0.6906913124718721
0.029105625283524453
-2.421231790784526
-0.7492042594746008
0.09112330065708744
-2.3987852942345205
-0.5927982343606315
0.03428552140282565
-2.475498349178323
-0.45712125850524715
-0.019272448445032116
-2.5082882320812123
-0.6372185467217185
0.0987013824452957
-2.4413836919830407
-0.6705407671595771
0.05562523374151612
-2.4192529044113984
-0.6053502133840594
-0.027720916807358036
-2.4723008216560336
-0.5799591084592678
0.20070075914941793
-2.4388429396499136
-0.5810451117904065
0.20309183830476987
-2.4741791736286136
-0.6155777885512178
0.13537366634564016
-2.437397777203269
-0.729449175013865
-0.019349466021105273
-2.3915717880441534
-0.5061740510020664
0.02934928187783877
-2.487342274854983
-0.46459780589791294
0.19231647917887662
-2.4961100157022043
-0.5987335040433042
0.1356542035671754
-2.436375731887808
-0.6301608159505936
0.02317238864417522
-2.4177461173848336
-0.5881024892070644
0.1377686718223644
-2.435605929954963
-0.586138009395015
0.10322954618223981
-2.437684869561584
-0.6596691334863893
0.24918603675970472
-2.40816951768238
-0.5612670747724643
-0.0038178774824509532
-2.4456060596126368
-0.42532520221955267
-0.031994430250034324
-2.5219649310027616
-0.5026779406452525
0.03042620876058595
-2.46942770635383
-0.559594471285344
0.10574964492645947
-2.436337931725841
-0.43075775452669146
0.08760768966274231
-2.4839660543341537
-0.318241210602607
0.27146095880973975
-2.5169549955023567
-0.5428605641004409
0.1445475323152532
-2.433208484174828
-0.44623226265580157
0.0605624717967935
-2.457929861447121
-0.6951386855474667
-0.1033267218383506
-2.3919110540040838
-0.5933300710676784
-0.10400817870664629
-2.421949387061716
-0.5053289771546401
-0.009444939784309452
-2.4439839999380726
-0.6518584947154465
-0.055036458531645384
-2.3878733037342337
-0.6518584947154465
-0.055036458531645384
-2.3878733037342337
-0.6518584947154465
-0.055036458531645384
-2.3878733037342337
-0.5606585206658339
0.049263154165299215
-2.42676727530024
-0.49409494512190816
0.10586414993122562
-2.4347104237580366
-0.4896172539819317
0.10966937653260965
-2.4342608585777694
-0.4896172539819317
0.10966937653260965
-2.4342608585777694
-0.4896172539819317
0.10966937653260965
-2.4342608585777694
-0.5575589493420205
0.016218062955319846
-2.437077254639291
-0.14998528820852072
0.24058737659971705
-2.4891253824890294
-0.14998528820852072
0.24058737659971705
-2.4891253824890294
-0.45219855980051876
0.10693988712321593
-2.4341001976885694
-0.45219855980051876
0.10693988712321593
-2.4341001976885694
-0.4159745604644623
-0.0790200099225926
-2.4414820580350063
-0.705601845077521
0.07456366949914263
-2.374124050800841
-0.3502223961708911
0.0154414803804345
-2.464337576962129
-0.48631131271070743
0.04825424522073977
-2.4272825930564847
-0.44679326895896343
0.14630156721681314
-2.439569139523826
-0.44679326895896343
0.14630156721681314
-2.439569139523826
-0.44679326895896343
0.14630156721681314
-2.439569139523826
-0.21950271132748714
-0.17447182413239537
-2.4967593316444967
-0.21950271132748714
-0.17447182413239537
-2.4967593316444967
-0.2914676985497873
0.16473355422227287
-2.455659581037547
-0.23669015703654764
0.11825035697529741
-2.485627734918304
-0.4611875489190676
0.014448967943445929
-2.4030577498907975
-0.4611875489190676
0.014448967943445929
-2.4030577498907975
-0.42183962793670715
0.04988238270115647
-2.428477274123724
-0.4162733250194555
0.04693290490696828
-2.428611746132045
-0.4162733250194555
0.04693290490696828
-2.428611746132045
-0.18322670415603343
0.13990210820615498
-2.4812539500667863
-0.5160260004510536
0.11122918537648067
-2.3813323609922272
-0.5160260004510536
0.11122918537648067
-2.3813323609922272
-0.3266352544914718
0.2455270495431081
-2.4880136530443995
-0.5612862756587609
0.007059813926793596
-2.3743620159372143
-0.31661416229044326
-0.07541503229825247
-2.448567941630139
-0.3008320803569751
0.14290095240470316
-2.4635486990928945
-0.3971064961765699
0.0028247702122074303
-2.4384784659545997
-0.19988324144560618
0.3814229979083763
-2.4383753127659675
-0.280595532309869
0.1428206425027168
-2.46306711724367
-0.280595532309869
0.1428206425027168
-2.46306711724367
0.07841188310892842
0.3782106479645769
-2.444717665260342
0.41611788254251525
0.06340853615309602
-2.434861823674918
0.41611788254251525
0.06340853615309602
-2.434861823674918
0.4266170961027547
-0.12233527316180397
-2.4259354165787927
0.4266170961027547
-0.12233527316180397
-2.4259354165787927
0.4266170961027547
-0.12233527316180397
-2.4259354165787927
0.4266170961027547
-0.12233527316180397
-2.4259354165787927
0.16341232469101072
0.16734252788153964
-2.4474342176626114
-0.16555060550024048
-0.24604198217470377
-2.4539898367363056
-0.16555060550024048
-0.24604198217470377
-2.4539898367363056
0.16333656581901432
-0.2902254329826983
-2.4452488509476935
0.16333656581901432
-0.2902254329826983
-2.4452488509476935
0.21659968716504724
0.06957522987935363
-2.452446867321839
0.21659968716504724
0.06957522987935363
-2.452446867321839
0.21659968716504724
0.06957522987935363
-2.452446867321839
0.21659968716504724
0.06957522987935363
-2.452446867321839
0.21659968716504724
0.06957522987935363
-2.452446867321839
0.14719243478050484
0.22766382830334111
-2.4322415554963968
0.14719243478050484
0.22766382830334111
-2.4322415554963968
0.14719243478050484
0.22766382830334111
-2.4322415554963968
-0.24930613739906587
0.15006029461781348
-2.4352075803280786
-0.28045425177633243
-0.2294041618011821
-2.402443631579857
-0.3699946714782388
-0.08734590531519143
-2.4245636846790513
-0.24088507585197852
-0.07282009851780975
-2.439973493358251
-0.24088507585197852
-0.07282009851780975
-2.439973493358251
-0.24088507585197852
-0.07282009851780975
-2.439973493358251
-0.17661175838719162
-0.2444163023608797
-2.421227457971823
-0.4020530113725377
0.016746863400706937
-2.407457581452164
-0.4020530113725377
0.016746863400706937
-2.407457581452164
-0.20441367425395082
0.17458866681978985
-2.4341087247663302
-0.197371495145532
0.29101442863976595
-2.408517450393311
-0.3818583149678513
0.013108568492308514
-2.3751236614204947
-0.3556762288783181
0.13606801750139325
-2.4190557167821813
-0.2870118084223231
-0.15900678670304
-2.4124597369773193
-0.3841044450744158
0.011133993297979636
-2.40912442557285
-0.06698413338158123
0.06310692097727859
-2.434388599156234
-0.277904410417832
0.2757006734018188
-2.3886093859032074
-0.04801530977490635
0.5608945205815733
-2.372589965975866
-0.012778590109104121
0.3898381819190398
-2.406744675695624
-0.012778590109104121
0.3898381819190398
-2.406744675695624
-0.028337432255884944
0.5893112369485164
-2.380526083164395
-0.4334453198310964
0.18511746778923727
-2.42070097679677
-0.173997879517238
0.2999771112136005
-2.4067110155503277
-0.173997879517238
0.2999771112136005
-2.4067110155503277
-0.2714310204797493
0.2806970274798209
-2.423771239650484
-1.2728998241977244e-05
0.06584343850969039
-2.434418381169351
-0.16349995315624932
-0.28710236823023394
-2.410578794662866
-0.16397896300654874
-0.2875645573690177
-2.4104052089709795
-0.16397896300654874
-0.2875645573690177
-2.4104052089709795
-0.16397896300654874
-0.2875645573690177
-2.4104052089709795
-0.15894910016148378
-0.17065159916271602
-2.4364286846987264
0.03676571536570983
0.05383966482193649
-2.4346316834279205
0.03676571536570983
0.05383966482193649
-2.4346316834279205
0.0493490512222019
0.06093595155044273
-2.4345298835961007
-0.16732525689452904
-0.28640568433413344
-2.4111918319214087
-0.10056908615142539
-0.4736258225110263
-2.354134814489023
-0.10056908615142539
-0.4736258225110263
-2.354134814489023
-0.10056908615142539
-0.4736258225110263
-2.354134814489023
-0.10383795129626086
-0.4826697080854024
-2.387977907743211
-0.10383795129626086
-0.4826697080854024
-2.387977907743211
-0.10383795129626086
-0.4826697080854024
-2.387977907743211
0.29477758478276983
-0.14830207880525642
-2.4134177110745014
0.29477758478276983
-0.14830207880525642
-2.4134177110745014
0.29477758478276983
-0.14830207880525642
-2.4134177110745014
0.29477758478276983
-0.14830207880525642
-2.4134177110745014
0.29477758478276983
-0.14830207880525642
-2.4134177110745014
0.29477758478276983
-0.14830207880525642
-2.4134177110745014
0.29477758478276983
-0.14830207880525642
-2.4134177110745014
0.14689123588268108
0.054529462022196655
-2.4339489957926066
0.14689123588268108
0.054529462022196655
-2.4339489957926066
0.15677859843188022
0.05095151731882807
-2.4338443476075913
-0.18639004895279002
-0.26468244502822996
-2.4194168550194792
0.1730931423908657
0.05426749736479243
-2.4335625679280004
-0.08263374650941972
0.299913672532932
-2.4053685156964946
-0.08263374650941972
0.299913672532932
-2.4053685156964946
0.19263106552536635
0.05415931464215578
-2.4332231795798918
-0.16738323813243955
0.11745497225329311
-2.450384258922611
0.21450163310538242
0.40459184386734326
-2.3985364620796794
0.21450163310538242
0.40459184386734326
-2.3985364620796794
0.21539199769069278
0.04740734864479331
-2.432825926633996
0.21539199769069278
0.04740734864479331
-2.432825926633996
0.35379591161044077
-0.10876615113303353
-2.380433126911624
0.35379591161044077
-0.10876615113303353
-2.380433126911624
0.35379591161044077
-0.10876615113303353
-2.380433126911624
0.05937655061832022
0.3093637907304168
-2.4391177426344557
0.25357880976451713
0.0541306656411398
-2.431927503746525
0.25357880976451713
0.0541306656411398
-2.431927503746525
0.25357880976451713
0.0541306656411398
-2.431927503746525
0.1699090799671961
-0.23432858990725475
-2.420018591993021
0.1699090799671961
-0.23432858990725475
-2.420018591993021
0.17552126769533025
-0.2235534166387354
-2.42284917302446
-0.13131483414225809
-0.23901744338069003
-2.4521711983200247
-0.13131483414225809
-0.23901744338069003
-2.4521711983200247
-0.13131483414225809
-0.23901744338069003
-2.4521711983200247
-0.13131483414225809
-0.23901744338069003
-2.4521711983200247
-0.24608844366574972
-0.2071907871962327
-2.438408931052318
-0.24608844366574972
-0.2071907871962327
-2.438408931052318
-0.13794263560482486
-0.38061556791533363
-2.4034404738391966
-0.2988328553389349
0.018903224360060252
-2.4189481485326914
-0.2988328553389349
0.018903224360060252
-2.4189481485326914
-0.2988328553389349
0.018903224360060252
-2.4189481485326914
-0.2988328553389349
0.018903224360060252
-2.4189481485326914
-0.2988328553389349
0.018903224360060252
-2.4189481485326914
-0.2988328553389349
0.018903224360060252
-2.4189481485326914
-0.2988328553389349
0.018903224360060252
-2.4189481485326914
0.13515797878036823
0.16253360302350175
-2.4396024588068816
0.1384583108893523
0.15841318504016813
-2.4403144062142954
0.2037256744168527
0.3451762576246699
-2.4141011904071994
0.15367907322990138
0.14825045494048547
-2.4423394190160694
-0.03175523398123984
0.3497938562115403
-2.4110661617283
0.060831936455520264
0.41117552627443676
-2.4233577583050656
0.288033113192905
0.008584594515544006
-2.443273774489368
0.18009531686526087
0.11010556298854762
-2.4474753707097276
0.0659868456645764
0.3983229682618833
-2.4296179982893915
0.41383176605937033
0.04556864320466078
-2.427604172870135
0.1429377458892884
0.30775379251865154
-2.4376059184537864
-0.05870589036742282
0.48242011948425406
-2.4188826108306363
0.21305876278888503
0.10202887527376751
-2.4488187886218586
0.10868695595759723
0.2041778652889795
-2.4341045360656492
0.3989525248388456
0.08370362441510378
-2.4174323385129837
0.25571732167861655
0.29084122277870167
-2.433119347282461
0.6117224595793515
0.0539606852616408
-2.3705987112524456
0.21603255568791208
0.44281948675664384
-2.397287541915449
0.45347567863009763
0.046734675910566854
-2.3922305839025406
0.45347567863009763
0.046734675910566854
-2.3922305839025406
0.22036268013275034
0.42898478990943917
-2.4047706145057224
0.3344884362513563
0.29511995092692017
-2.3988121506312887
0.19308664162429678
0.16356737054400072
-2.4776879161139527
0.19308664162429678
0.16356737054400072
-2.4776879161139527
0.30025246710749626
0.07454521853726846
-2.453209368554121
0.30025246710749626
0.07454521853726846
-2.453209368554121
0.35983741808234576
0.2817542153665823
-2.40315118534505
0.10016809760918678
0.17088046340649202
-2.466017242894671
0.27163093847445163
0.16303343602996612
-2.4488632924356244
0.542538214277754
0.1934200316509802
-2.4042263998175946
0.542538214277754
0.1934200316509802
-2.4042263998175946
0.542538214277754
0.1934200316509802
-2.4042263998175946
0.43098256932031437
0.13345143935789214
-2.421952321008496
0.2993209854311556
0.36183702805740886
-2.4466057029440607
0.2630083223814138
0.20861946487786626
-2.4723485886704495
0.3263106079198311
0.10979414278649254
-2.4448332583766494
0.41777772105534955
0.26973019681248517
-2.44309128556099
0.28563217246660955
0.19390282091559174
-2.4399198154049606
0.28563217246660955
0.19390282091559174
-2.4399198154049606
0.4042926697591393
0.063928548445078
-2.45476475897413
0.34410479714965136
0.2203905299391844
-2.4478621703843464
0.17181647254039542
0.3390451001693657
-2.456774061024684
0.11335616543687761
0.5100458498195051
-2.4370512342743025
0.11335616543687761
0.5100458498195051
-2.4370512342743025
0.11335616543687761
0.5100458498195051
-2.4370512342743025
0.11335616543687761
0.5100458498195051
-2.4370512342743025
0.5320907562653948
0.1403715188552255
-2.397047989176698
0.8318846702389853
0.05129752889029492
-2.357304607896351
0.4306521750107799
0.08924970020112473
-2.4450639843617443
0.36563447225605594
0.1678766176282145
-2.4468543075690343
0.36563447225605594
0.1678766176282145
-2.4468543075690343
0.2913568195938146
0.08316384635584055
-2.481811040640787
0.3560520867066754
0.3140944792120196
-2.460569096414041
0.3560520867066754
0.3140944792120196
-2.460569096414041
0.40942248623296923
-0.086754159167317
-2.470167100347074
0.40441552220743426
0.21300404884998253
-2.4440583928484534
0.410192276406072
0.14906651833968235
-2.4511175462503716
0.4884724865972793
0.07841002674627683
-2.4459482349435837
0.42418954752740357
0.14226454809985561
-2.452569648592732
0.42418954752740357
0.14226454809985561
-2.452569648592732
0.4359463628679084
0.14009512371662652
-2.4532477238749997
0.36359785812819945
0.05363169801646822
-2.487248581251477
0.5354222827917664
0.04158944564600829
-2.423151566293277
0.5227582867077861
0.2865769480769475
-2.393793988739579
0.439045179356847
0.24339254101460553
-2.4565179598079414
0.6023377899650839
0.10352959529024365
-2.392133400801155
0.4707815650054157
0.1267164468317324
-2.456440586006879
0.48923914249386286
-0.005323255440232553
-2.475548901679793
0.5659206890655764
0.03812649311233362
-2.4246652592534144
0.43994221501193825
0.25242313035997327
-2.4473701607314227
0.5951123088036981
0.17971783891761633
-2.4075116351873365
0.7591836044950799
0.10207009596880647
-2.372823116273406
0.5226445085568028
0.1372121249808075
-2.4328760792787247
0.47978552368773575
0.21779771652263225
-2.4301741357413182
0.7183302964976932
0.13381612336652238
-2.4065828510507625
0.5631861528027461
0.24712266137479005
-2.431037360242309
0.6027460893694135
0.0350565720872818
-2.4271907545869373
0.49945619719151474
0.25574875922698764
-2.4638556472155595
0.5352945973403762
0.11502742556182405
-2.461640159114263
0.36904231873989835
0.1604393225065041
-2.5236291472623438
0.6249397064708105
0.17754974189477055
-2.4362039765527124
0.5634701730210575
-0.021413235822583445
-2.479761170478152
0.5528851618201477
0.10983401739089534
-2.463705635174094
0.3904283396386541
0.14048475852845907
-2.5290795592139363
0.5616064121956036
0.10904876454365355
-2.464591756774017
0.8587415958685081
0.12697769106005757
-2.357726252258771
0.5189540724229886
0.2110486019761255
-2.464830937232274
0.5763724853758964
0.10780182067877782
-2.466224272089045
0.7733699102189127
0.1377781267231538
-2.390140584602701
0.599083777670353
0.11395956649350589
-2.443025844294847
0.45514287175456786
-0.023626643447912776
-2.5157927676062033
0.5415651461683744
0.19821960275396172
-2.470603776894447
0.6382901060065663
0.23813542994486403
-2.4202997169131284
0.6382901060065663
0.23813542994486403
-2.4202997169131284
0.7206413036611987
0.08409334861376154
-2.404552067228332
0.6936461606599786
0.1517914725203765
-2.4242727996702107
0.6936461606599786
0.1517914725203765
-2.4242727996702107
0.6976344040364322
0.16939627881587552
-2.4241326627120485
0.5490196534444464
0.29205277654452305
-2.477014429501549
0.8957075323924208
0.21340595139107674
-2.336811976023319
0.5537654074522778
0.05170329469417695
-2.495436208372362
0.7118783748289625
0.14743784837959445
-2.4284443766912713
0.7118783748289625
0.14743784837959445
-2.4284443766912713
0.6412921726629482
0.123768521981276
-2.4752631518215735
0.7219910665528175
0.14395537457368784
-2.4311435671504618
0.6133269510219453
0.17250267277543863
-2.4948229708098575
0.8087312727916111
0.03388864601933516
-2.3983171585397405
0.41216398880536725
0.07755000772490665
-2.570435520254899
0.6609921382459053
0.09050852094662223
-2.480959579944094
0.6609921382459053
0.09050852094662223
-2.480959579944094
0.6898644460757674
0.2410869873070586
-2.457126030988255
0.7198756278183397
0.0361423270014562
-2.434870481076674
0.6829439827953392
0.0883719569941886
-2.5209549841113166
0.5147318696046436
0.21516854381893244
-2.563469516085062
0.7530229733508815
0.15989642748770963
-2.4377336531338125
0.7571447661313816
0.13915511488900223
-2.4403087047389587
0.6517689905485897
0.043251437363355925
-2.4948063231994815
0.6027796079782948
0.2544902785947944
-2.527039782193481
0.7523782693272126
0.15374975693308351
-2.429138259175979
0.7099703833365414
0.10522327771859895
-2.4651713188573794
0.7735273344756662
0.1383502834665325
-2.4447568787798137
0.7090293997964235
0.0837041967792115
-2.4923069483215863
0.7202068748164374
0.10480009866209258
-2.467777770208648
0.9501073362542058
0.033166062522578095
-2.378349802468642
0.871986453377272
0.1221850852473557
-2.384286956016661
0.7235958996073507
0.11567746226276343
-2.493717694173563
0.8895013298836111
0.22189083264910286
-2.368180076541817
0.8895013298836111
0.22189083264910286
-2.368180076541817
0.7871840745183725
0.14323784701769313
-2.439377192590047
0.8052699958712638
0.13941294594555032
-2.4530332838032223
0.8080747257792408
0.13928347297068602
-2.4537710973899465
0.809366501688091
0.04082640007739986
-2.4417138847863127
0.7586234244032797
0.09478284333805594
-2.478172928140508
0.8988091293193741
0.12388504648568982
-2.3913648296651435
0.8988091293193741
0.12388504648568982
-2.3913648296651435
0.658267968187712
0.10812023819758204
-2.5492822224543774
0.787467619068912
0.20973527703337222
-2.4626060231809084
0.9130197093895003
0.12666064572208732
-2.4159222479263778
0.8243750948404857
0.14285872584068432
-2.447748860046069
0.8359094670766084
0.03258597441631566
-2.4712481713602785
0.8645004434157825
0.07766534606143989
-2.405922288066813
0.7401744575622397
0.16507847120329494
-2.515982119105589
0.9428739497729793
0.11689148857961247
-2.4541272614604677
0.899729075127898
0.07953960112702849
-2.454500462335967
0.8071037143157512
0.09476040032812123
-2.4872759373093096
1.023026348809003
0.11736365431338444
-2.3886942876617647
0.8586403840377157
0.1448661821293835
-2.4528333693535527
0.9451646558541874
0.04268888267087416
-2.429208916277099
0.8814177623438764
0.1395867265296483
-2.44540827172693
0.9111184797491269
0.08282983946632523
-2.4444194208284937
0.9628523081576621
0.12834292643033315
-2.4233548926973825
0.8546914005668895
0.20274459429747183
-2.474299779353032
0.8963465186450927
0.14164132453864606
-2.4685247577453238
0.9477653114608494
0.08476504863356012
-2.459222421580341
0.9504824063934542
0.08293547151043115
-2.4377729057742905
0.9434042614083052
0.07999961247764596
-2.4466266861774817
0.9032167912679286
0.05177619061054512
-2.465534155602195
1.0345221913733127
0.07640613616873076
-2.3931842858620915
0.882118387441098
0.0026276314834306163
-2.496569061660685
0.9384239443367121
0.1369931098652494
-2.44895468667322
0.9460514266369137
0.14104347921982388
-2.448439238914241
1.0153327752519394
0.030891169645073307
-2.411671395052438
0.9561048336116288
0.1377976521734995
-2.448636314306967
0.8197900108385086
0.10572495441058519
-2.5857240542854236
1.0395007849397375
0.12564973028596246
-2.4243911647337497
0.9016689855779328
0.1524291209777374
-2.5146511252216137
1.1219990142830025
0.1173353837777553
-2.370975323791775
0.9921670277962448
0.1298825111494778
-2.44761841921995
0.9833566929084209
0.05444114713255686
-2.462042790464186
1.1415802131035104
0.03439921954969972
-2.374947579416141
1.0024338326239752
0.13120267036517605
-2.4318141430722644
0.8499501919654865
0.16947405443592484
-2.5892817752718096
0.9420068489824621
0.0642843359669606
-2.5277658360083084
1.0258271171615276
0.1272573946550728
-2.4294606234898817
0.9630455486786599
0.040086187474960615
-2.5037027189555254
0.8875347784417913
0.03963544895881141
-2.5736913899196425
1.0557234456541258
0.12802962423093245
-2.4465337714476925
1.0733012360247598
0.049054995622616004
-2.4658066557596823
1.1090777283196744
0.09395053505614326
-2.4095691275672544
1.112771424396191
0.008160385124964031
-2.412503567094547
1.0922383070718669
0.07718505483701399
-2.5490368314191167
1.1427761867698538
0.1605158817927202
-2.395222817752122
1.1108607544334135
0.12923521670554294
-2.415062529687472
1.1034883327550744
0.17234937177263535
-2.4575119061491084
