-0.841073976924686
0.08635826745902517
-1.356937652536352
-0.8225078913794776
0.07262287163992026
-1.3730468537428555
-0.7593680595978859
0.08556131356240441
-1.4423568513621912
-0.8088883617774931
0.06229340504933316
-1.3462683415772065
-0.7695300905309682
0.040959406981434306
-1.419767682594494
-0.7298833695521725
0.0843001878157594
-1.4328509789009456
-0.7779227438397143
0.06225692652557348
-1.3618133320506463
-0.6973193140413961
0.08657733687824395
-1.4742601399474935
-0.7392804619723451
0.06901133731307056
-1.376823139832637
-0.7056084620659782
0.07284893783418055
-1.4268253130786779
-0.6591694196604432
0.08560361251993219
-1.4734382729390887
-0.6954442701326796
0.09712423267482398
-1.3944513018594125
-0.6962447007373401
0.05972124682949155
-1.4401059058236108
-0.6712204038945945
0.0883107550788954
-1.4223556203076078
-0.6667172649999303
0.07003014745519921
-1.417495512475324
-0.6400108808744696
0.10561609511964525
-1.436885321578342
-0.661578586992797
0.06487665843949952
-1.3956074536554226
-0.6172240188234309
0.06888982871149638
-1.445575955215315
-0.5812430923795565
0.0872689548541309
-1.4783818422979516
-0.6455006956093692
0.05159855064066251
-1.3965962611163538
-0.5703752218472661
0.10988420761904254
-1.4663380279015283
-0.6180277480684297
0.07955272896821271
-1.4126875354091026
-0.5856046426559475
0.07874697920188468
-1.4320621687411146
-0.6036351988145551
0.026794038445916397
-1.4405922298003886
-0.619001632527139
0.07196368015709459
-1.3930210057948447
-0.5697767608609946
0.08160225605570566
-1.4370398148542585
-0.5843220216917072
0.1031195142099551
-1.4142869706141972
-0.5503128742487599
0.0875368410655321
-1.4337436182647303
-0.542606997881636
0.05463941606868496
-1.4383392662614967
-0.5635312224810266
0.05132389040994999
-1.4279827642025327
-0.5391489451027703
0.05714777235122266
-1.4283375495504222
-0.509440115441726
0.04616893019061405
-1.457339066334956
-0.5175046741234357
0.05307170815365928
-1.4381310719652154
-0.4976576922520626
0.061199799645373185
-1.450309758053518
-0.54007410857378
0.06613154646088218
-1.4321664517001258
-0.5331360699513765
0.07060800596221813
-1.4116772455293578
-0.4856316427469953
0.06502883953596345
-1.4399348923029471
-0.5194129977885498
0.04450767553068934
-1.4230325762114937
-0.440712819699856
0.06607151320495358
-1.4706082361826236
-0.4753558919955874
0.05365479668062893
-1.4408517991350083
-0.4991338433246392
0.06453793191576188
-1.4279424693087432
-0.4625355348807152
0.06968791235064162
-1.4371555577582662
-0.47414438021620203
0.052955877814369036
-1.4334506757989347
-0.4391603877714671
0.05800897723378977
-1.4548268704554714
-0.4122972031242041
0.08148664055174512
-1.4530765206551544
-0.5124137223868046
0.06494290660835478
-1.413499476195155
-0.4289405279329741
-0.025462671743823006
-1.4567580238599591
-0.4364086178477703
0.031195621231905186
-1.436966591154043
-0.47948890520143167
0.07061679406902299
-1.3999990264053261
-0.4799279986985594
-0.015505098857345807
-1.4415023778796077
-0.4538873110165562
0.06765342611234919
-1.4058025624519515
-0.41733897006423476
0.008589086537521684
-1.4442348760860007
-0.41374747471478146
0.03441010263304974
-1.4416843317989065
-0.41647617593556974
0.02949353695927757
-1.4325607229884587
-0.419587306002509
0.0679106725815276
-1.4388745172986595
-0.40559227395737046
0.0754061859721545
-1.4231606508769123
-0.43950837277593363
0.0815249873640908
-1.4235559439621737
-0.3462722573135683
0.06858367524250296
-1.452440713575902
-0.3734136153630924
0.07018135003947583
-1.439821399614528
-0.37908677979440303
0.09184240079563263
-1.4332740067746357
-0.4537473758283711
0.019017390734612453
-1.4045673793029891
-0.3196984245596951
0.05921055294623498
-1.4599706216637187
-0.4157599366409077
-0.08901237750750117
-1.407919585161954
-0.37352271921360064
0.06068082752944976
-1.4215526866201453
-0.3480730256966092
0.0535439227286484
-1.4367341494651718
-0.3427028949105844
0.05386258211548271
-1.4359998798012803
-0.36171785951693824
0.07734321114320951
-1.4152137898625543
-0.2895595668201932
0.059901937774690946
-1.4554279679853692
-0.3145312158661706
0.08781829497869686
-1.4458737643606208
-0.3573219631114027
0.054556706445358184
-1.4214393362881415
-0.2588405675224984
0.0352181806690419
-1.4621716502996374
-0.21498806737688753
0.04070930941562158
-1.471069398893011
-0.29879592249428855
0.0658911098370842
-1.441433018121698
-0.34826897148602187
0.04650671268038504
-1.4112288816728413
-0.3309651319971988
0.025611618590769894
-1.4312990837671484
-0.29699805823136444
0.11561465669302574
-1.418888513889832
-0.35262432000782606
0.04678915267166524
-1.4032062482413825
-0.18150970796198013
0.08566943542245876
-1.464929689632144
-0.34298035636447677
0.10194228627077064
-1.404046191988969
-0.3011240642096591
0.08175748781837734
-1.420857027979355
-0.21771982422263012
0.06771442464204928
-1.4558788759902863
-0.3161362315435877
0.0604236046705381
-1.410509064906428
-0.252884168048662
0.05008521378534774
-1.4285276537941674
-0.27314199915674925
0.013049949755261485
-1.4221822336193857
-0.3324213509524147
0.05815133759433149
-1.3984340277146832
-0.2530471699908041
0.1076168628406535
-1.4176911415740068
-0.2957156697841409
0.03151515211952866
-1.4057118544679392
-0.2823565411774013
-0.0002948701811231853
-1.4241119023175761
-0.23032782903245075
0.03983712380307385
-1.4256909626269834
-0.1650527842345965
0.062359054334192976
-1.4428742665134169
-0.25167752539134386
0.043020914682735875
-1.4199099475129855
-0.2280896234270195
0.09265844046537497
-1.4174160065539028
-0.30039670262936913
0.07949479563948289
-1.3931368339424506
-0.23248423404977295
0.04210520309334413
-1.419942765673451
-0.3015713432485153
0.09497858918664036
-1.3941369661680334
-0.2707831720301322
0.033378430794362965
-1.4002462994196574
-0.1519419469647938
0.0530509291830311
-1.4365583548791343
-0.1003543283284017
0.09487084744266805
-1.4355810736898962
-0.18218289951270583
0.013752753427146597
-1.42637132369649
-0.1848337452508443
0.034148586145993164
-1.4199459149209808
-0.07525453784352239
0.11536762294927956
-1.430612763536461
-0.21492115971952483
0.11806491246434601
-1.409348551520586
-0.11477445293470699
0.18711725716150443
-1.4204890197021982
-0.21406627645916687
0.06017390442580608
-1.4032270764018284
-0.09203802312905475
-0.08056744601184121
-1.432029665851418
-0.22621062980299955
0.012579586743748027
-1.3994033858942323
-0.21107024410106925
0.07332164727402672
-1.395371889600334
-0.11643366358985394
0.14582339373730438
-1.414618579078794
-0.14453944939083996
-0.01709411601186364
-1.4200548220974614
-0.14000366520521093
-0.12418559386768402
-1.4089543062872052
-0.03390209937289326
0.10975634468992666
-1.4247172965670898
-0.0823096922423588
0.04638255776819743
-1.4170917714522637
-0.07027207879275855
0.0014472742893021997
-1.4292366573930655
-0.10092081351695238
0.10243780577665669
-1.411433176630941
-0.220037079962232
0.022269074472909392
-1.3975227378810156
0.00682403026055144
0.14607061005840838
-1.4137242539284416
-0.11945306987867237
-0.043479876603946636
-1.4164481221425083
-0.2158013495324861
0.07051869516240307
-1.3928456710704724
-0.07589307147164955
-0.1352377936094954
-1.415684853112407
-0.07589307147164955
-0.1352377936094954
-1.415684853112407
-0.0986815060172751
0.005059195823895285
-1.4156256898789332
-0.07521090352061523
0.1741922943033249
-1.4006501250438708
-0.08287702345197563
0.02589965173252923
-1.4148497447459818
-0.1073085079566342
0.11846891480811508
-1.4075757998051888
-0.1073085079566342
0.11846891480811508
-1.4075757998051888
-0.1438081850180017
-0.12319780935361518
-1.4037492429371226
-0.07982173587554747
0.11587112881585987
-1.4022927266316036
-0.07385599038394507
0.3305665279505125
-1.3715673308103833
-0.07385599038394507
0.3305665279505125
-1.3715673308103833
-0.08592294729262313
0.2112782031404947
-1.3861941682889811
-0.044596905734694756
0.17748960265017993
-1.4049885793745687
-0.07735547059958782
-0.008952238345520025
-1.404312889572466
-0.03402668325140821
-0.047373282221860706
-1.4112570170476455
0.039408953689841396
-0.021107492613200225
-1.4087580093389755
0.035319006354064396
0.11593210088559233
-1.407436435000159
-0.050105092275750836
0.13492194513541786
-1.4040760822208833
-0.04076691466380022
-0.013339019494467506
-1.405169779323685
-0.012567671997022974
0.17774641167979152
-1.3915999217590291
0.060440962644983824
0.12922241989045058
-1.3921878971386465
-0.07681009782141944
0.03883164335874588
-1.407517529255304
0.09466133108729821
0.2016862969330485
-1.3733185442469837
0.0113428763216235
0.21746902822446704
-1.3863481944324918
-0.04804526559376646
0.047221728276077
-1.4092791221251355
0.014182603777373286
0.14475030883493956
-1.3946980314853334
0.07364375308858027
0.19618935464930332
-1.3854239511286388
0.07767707992700759
-0.03713728202871747
-1.4052205178446218
0.029595849215319946
0.14159106548603098
-1.3950783425880202
0.05950938135344489
0.18763105503528865
-1.3950376419532882
0.10175248371667912
0.1455225461830406
-1.38999206947498
0.049751914373432925
0.2564860408386408
-1.3890276269901032
0.0698162309971235
0.09439359573910598
-1.3981607293684397
0.0335633883897152
0.17155415974451457
-1.3866439677427613
0.09696330316610571
0.1770215243580897
-1.3933339510079996
0.16822435442862987
0.19997387293191804
-1.3640640100363277
0.05181945336935614
0.26195069056171383
-1.38392631606346
0.17619602262865977
0.13235485469662675
-1.3707559604706199
0.08778984026656518
0.14152685681931884
-1.3966605476173117
0.04239493416947977
0.2385025557184905
-1.3841247850245435
0.04239493416947977
0.2385025557184905
-1.3841247850245435
-0.007678301663948299
0.22354763444608888
-1.3900288565233598
0.09995958714150062
0.14599019858636283
-1.390006921277104
-0.1381564418751497
-0.07926872585769935
-1.4026152674825707
-0.1381564418751497
-0.07926872585769935
-1.4026152674825707
-0.1381564418751497
-0.07926872585769935
-1.4026152674825707
-0.1381564418751497
-0.07926872585769935
-1.4026152674825707
-0.1381564418751497
-0.07926872585769935
-1.4026152674825707
-0.1381564418751497
-0.07926872585769935
-1.4026152674825707
-0.1381564418751497
-0.07926872585769935
-1.4026152674825707
-0.1381564418751497
-0.07926872585769935
-1.4026152674825707
-0.1381564418751497
-0.07926872585769935
-1.4026152674825707
-0.1381564418751497
-0.07926872585769935
-1.4026152674825707
-0.1381564418751497
-0.07926872585769935
-1.4026152674825707
0.146497784393144
0.08794630463605763
-1.409980158601405
0.19727637259305128
0.1195329481833295
-1.377929032077345
0.12653212897337265
0.19754687822221606
-1.4014205566890492
0.14984483255567677
0.21404603163980107
-1.3902388153539877
0.22914256909261763
0.10100143834839857
-1.3797041511935901
0.13589147953901137
0.22742929712179571
-1.4012122285170439
0.3193742973126455
0.05915371411953741
-1.3624341848598016
0.3193742973126455
0.05915371411953741
-1.3624341848598016
0.16265920778580903
0.15682837751426715
-1.404802886056592
0.17170890850179124
0.11585808996189935
-1.404511729519147
0.15981061021824358
0.2045349755834525
-1.399379764126328
0.21901997152118047
0.13355482787844056
-1.4043609088827214
0.23990875476649923
0.14549844231379358
-1.3932291105833683
0.1938065001810169
0.1357746346464318
-1.4098193051737185
0.23785917670829496
0.12737016872783136
-1.4058060106979429
0.25361700471784004
0.1068104606406306
-1.3962941496241643
0.22446673357534863
0.23002267787822542
-1.4017174768258038
0.2835844890429861
0.1171452489222005
-1.3868043059643447
0.21096582002255002
0.1944781741863169
-1.397944921505367
0.3263162630419741
0.03830341963894346
-1.3866638833577651
0.23672019953610002
0.0821988607323343
-1.4032450595620243
0.14325766078174226
0.30682120881438096
-1.4055775581728693
0.14325766078174226
0.30682120881438096
-1.4055775581728693
0.31439005527548947
0.1603934551806347
-1.3759597663018845
0.31157289724557585
0.12675497957104195
-1.387382365752078
0.32544012229626956
0.12945475737445458
-1.3779409852578066
0.28344958365269773
0.1410715317084198
-1.4046956189702748
0.3078448864315188
0.15434314506476352
-1.384679996240788
0.3251363474779791
0.11656104951230689
-1.3892287794699314
0.2931277451613869
0.10445226922575655
-1.406347636819972
0.35602038479889964
0.10461029657524212
-1.3891791583990356
0.33845733456121374
0.11410911472395985
-1.3904294087855535
0.2943665249251449
0.11232001813637077
-1.4079105055852477
0.1875725423020318
0.10823407672937466
-1.4499866791041078
0.33940477623350285
0.14375990949130876
-1.3892597455786848
0.2992139182425121
0.18043606097532908
-1.4142774745510436
0.38738860559514987
0.14857888314414308
-1.3894182613552633
0.36554084502703166
0.10797603153302969
-1.393468746923156
0.33757723185961314
0.09279410584506817
-1.3992436421515735
0.36659703812385236
0.11308438352128357
-1.3913118113100307
0.378112071223981
0.10607650932095777
-1.3951227755292452
0.3595181616864249
0.15357731546059142
-1.3931577336154843
0.37409288440162186
0.13691143307211853
-1.394782217602183
0.4051591708275973
0.1131036705456309
-1.3868014904614052
0.3592511287087951
0.11430809274519572
-1.4053253004276933
0.3853385554974108
0.11795794090438591
-1.3991110210117477
0.4196233400071173
0.104904300992426
-1.3809266311382924
0.40277434302996423
0.09589614552675585
-1.3885455179668769
0.39560803199163785
0.12937127611703986
-1.3995209243372726
0.5126061331986954
0.10801552108696015
-1.3537292069374485
0.3967204068387856
0.06944839911112985
-1.4103156561095576
0.3643413822440027
0.1591250948377032
-1.431259709421405
0.45383153967338097
0.08976523342551918
-1.3834004603199221
0.4270526972083823
0.1313364096589709
-1.4138519914153134
0.4243652624590248
0.10266799671603581
-1.401666238222905
0.44499321910008066
0.14084124028043915
-1.4087118755375365
0.4201465304917133
0.1182466771357435
-1.4159302364405861
0.42827764139399827
0.11942812526023394
-1.4078862377598695
0.4225635460362095
0.1376121817343447
-1.4206824352016845
0.45146799531746057
0.07416045043974236
-1.3927373845686826
0.48900641286291063
0.11671645951650594
-1.394705693278817
0.45945893239882174
0.08560023144859845
-1.4031229778393957
0.485710621180874
0.08788967333651587
-1.3907660296776767
0.5059579319026981
0.09334629433563874
-1.3846994440177804
0.48498655327310003
0.13627915873815602
-1.386520445140153
0.4997273938424363
0.11477579481512268
-1.3870853650852488
0.5237602073698788
0.12016415962873095
-1.391830279666643
0.4815976736441876
0.12091643885048596
-1.4090993280086497
0.5264174996321339
0.1249053811403896
-1.3815285397210813
0.4405064708558254
0.12161187170978512
-1.4385259203262784
0.49165215692293235
0.12146788440405817
-1.411010532259376
0.6175920921631373
0.09186925256950947
-1.3494597430718818
0.4608233124021952
0.0886625206797647
-1.437624125007249
0.5962492763512393
0.1144432917795777
-1.3660298725759592
0.53158228238124
0.08201024157763293
-1.39906846133094
0.5020439647397441
0.13017686292129668
-1.416111268359415
0.5246236824623292
0.09640252454552786
-1.4103988677439019
0.5321434396533283
0.06858201042556843
-1.4103909332979714
0.5161153375414627
0.09106806911734501
-1.4178920551727103
0.550822379791697
0.0834803622212085
-1.400397548956743
0.5154966430634248
0.10907187066258207
-1.4321382085910697
0.5684193483613026
0.09346347999255353
-1.3900417941909862
0.5688043131429459
0.1079594177084389
-1.3958728939272067
0.5857487361828969
0.09676102574713755
-1.3931403054520342
0.6046621919349334
0.10294255202660635
-1.393894980335373
0.5873228288930568
0.10612884865567634
-1.3956332003006946
0.5767996520252132
0.09525603391812988
-1.410775145410181
0.6054741866821851
0.1076965244976706
-1.406141154809189
0.6198933272503022
0.08948512539069903
-1.3840091350234363
0.6191437886203127
0.09484528336187031
-1.3795262084672544
0.6087958783924633
0.09938375104313374
-1.399623423862214
0.6394078479640328
0.09512402633665192
-1.3888475813683674
0.647131941769635
0.09509386816770139
-1.3877416029698713
0.6336743846069834
0.12209516376059058
-1.3994160321697655
