-1.2082547890296043
0.165696464550818
-3.2897247481708094
-1.5532343137294
0.18758909019908593
-3.0305861801571745
-1.4441796196942056
-0.04890424066482032
-3.062582950602349
-1.392815696270363
0.1205834682474865
-3.075105686923855
-1.4735228990169809
0.11027005612688093
-2.9716629986544834
-1.0225832949605103
-0.10617960469938016
-3.378227260696403
-1.2978430802241097
0.05674961593204955
-3.112713846683212
-1.3981386115461443
0.0506553387688222
-3.030548429299917
-1.398393370013465
0.0504278837736731
-3.0635162276546137
-1.2849532480730803
0.05942464035657247
-3.1750327838084127
-1.3505089102126273
0.048305974926204163
-3.0138678851319507
-1.4524487726397906
0.04448110909464922
-2.970787553363316
-1.4630581633733617
0.15437110157529355
-2.982903314033792
-1.3892183524964694
0.10877700902486487
-2.986040943812156
-1.3892183524964694
0.10877700902486487
-2.986040943812156
-1.1330292215100568
-0.03790935046663142
-3.221410188943127
-1.2128346252319941
0.08493206306887906
-3.1827578091540527
-1.2857669502966789
0.049318987850756314
-3.029792556982101
-1.2157847038148182
0.2123793431617
-3.16491496690892
-1.3345425977379515
0.1148716436378204
-2.999515116747058
-1.2309284232687663
-0.01100858199161659
-3.1039370835660285
-1.1546332051445583
0.0572067569619067
-3.1289046899893744
-1.3245613837278245
0.11186344007285923
-2.9919262621285965
-1.2566331835138709
0.02178310750385306
-3.054628001453064
-1.3171052101562892
0.1202763599989499
-3.023363538346445
-1.2312099264140386
0.1043720310038786
-3.109587420805846
-1.189045302140951
0.12816279009890238
-3.096943919966344
-1.189045302140951
0.12816279009890238
-3.096943919966344
-1.2298218413813453
0.17267261125717764
-3.0085132316215337
-1.3210495161369264
0.05581040968446255
-2.9816322828119586
-1.2069180570737805
-0.10849156059778875
-3.020340900091801
-1.0963189122979569
0.22806509854444434
-3.1414406501468335
-1.2984791461187153
0.034740957025727146
-2.9507173782800447
-1.0226383081800046
-0.056155241672870206
-3.1999399359251273
-1.1255264739481419
0.13314764365782208
-3.106278426810808
-1.1255264739481419
0.13314764365782208
-3.106278426810808
-1.1922957922741437
0.038350753465598755
-3.0746982601658654
-1.3378388104916301
0.08626400630728936
-2.920413090021223
-0.9177415689420146
0.27120982456638465
-3.26405774172781
-1.0855601178278373
-0.0439390031036158
-3.0781558449536695
-0.8212937730611716
-0.1657320476710974
-3.2428429455781362
-1.161624388324944
0.1766746448927404
-3.001866652638702
-0.904932157172651
0.2719719478512789
-3.2222489135812755
-1.3314580029014473
0.23615319920182098
-2.8863661260003237
-1.3013349616603151
-0.2626177042752967
-3.025514941783912
-1.1427773431966963
0.20441476101381878
-3.027674478653647
-1.0500882344655997
-0.043157651510417575
-3.072568607292356
-1.0459410157960654
-0.03743573253092931
-3.072225134573359
-1.1317989675965145
0.2001366031577953
-3.0258615893429113
-1.1811805276428997
-0.0392746301818547
-3.017125529223167
-1.1811805276428997
-0.0392746301818547
-3.017125529223167
-1.1811805276428997
-0.0392746301818547
-3.017125529223167
-1.1028725788410652
0.0364782170899859
-3.0398254524628276
-1.022652286237375
-0.04485593862839844
-3.066297786328191
-1.046595501481298
0.12969113488035508
-3.0782759134877646
-1.091475866401338
0.0366300963999997
-3.036746125298468
-1.091475866401338
0.0366300963999997
-3.036746125298468
-1.036500848963895
0.12740224351130036
-3.0756378067088606
-0.9690356463691409
0.038406431937158904
-3.223118633709271
-0.9994257781804575
-0.0524447442498874
-3.059406769757688
-0.9994257781804575
-0.0524447442498874
-3.059406769757688
-0.8639308045511549
0.17051457208732185
-3.1752869276753963
-1.0162532653080845
0.13500650222336752
-3.068688181905551
-1.0648442283101864
0.03815257125877861
-2.9969982515151323
-1.0648442283101864
0.03815257125877861
-2.9969982515151323
-1.1468413365974226
0.2595908947749856
-2.937823893930703
-0.982437988467863
0.13220287278289394
-3.0439486232766124
-1.1268522840256208
0.1149667046271203
-2.9929349346942167
-0.994167912518779
0.13054549224312617
-3.062183934641102
-0.994167912518779
0.13054549224312617
-3.062183934641102
-0.994167912518779
0.13054549224312617
-3.062183934641102
-0.9831272034945804
0.12826834622243358
-3.0589754586739795
-1.1048674080044973
-0.0564093616133688
-2.9925346291070514
-1.0290712626383454
0.03466678182875767
-3.017777446262241
-1.0604804104221006
0.20090372841497658
-3.018975395643685
-1.170788048158385
0.1518529294783279
-2.9200068392502154
-0.8703025018289778
-0.15272153213944756
-3.113236690367779
-1.0507212035376337
0.20351631320666638
-3.048872456259097
-0.9431740680248841
0.12488190708063386
-2.9983123890758754
-0.9431740680248841
0.12488190708063386
-2.9983123890758754
-0.9431740680248841
0.12488190708063386
-2.9983123890758754
-1.08052799142392
0.10251094003287103
-2.9793294032773665
-0.937388939495858
0.09850723184379453
-3.0827439114826753
-1.0112629629586756
0.19806892910255308
-2.989883657042863
-1.0112629629586756
0.19806892910255308
-2.989883657042863
-0.9878077317899212
0.0026421510182344076
-3.0065423780685956
-0.9851783025185616
-0.15798135575990102
-3.0291259114474425
-0.9851783025185616
-0.15798135575990102
-3.0291259114474425
-1.0784172116828499
0.08741493502095861
-3.0266722647987456
-0.8052125624397741
0.03530640017972509
-3.10910662949718
-0.9702491045819712
0.029564282835012123
-3.002308360712898
-1.0467419333666166
0.11091375934918751
-2.96939351782937
-0.8772068851028233
-0.10271340654279887
-3.0224335508323645
-0.8772068851028233
-0.10271340654279887
-3.0224335508323645
-0.9037157773136133
0.09219623431859608
-3.004809819826952
-0.9037157773136133
0.09219623431859608
-3.004809819826952
-1.0065345744250922
-0.042227252547857114
-2.9210498599885804
-0.7022517556828443
0.1737160718092349
-3.1353033300277886
-0.9365711889311544
0.023777039576497214
-2.9957574008560335
-0.6625871722070468
0.12998516659249632
-3.1164298493899136
-0.6625871722070468
0.12998516659249632
-3.1164298493899136
-0.7457730071864341
0.03722242606259215
-3.0994438182768183
-0.647124497469678
0.14182433856703616
-3.112433285809965
-0.9376153607056154
0.20749148665605407
-2.97234107941641
-0.9376153607056154
0.20749148665605407
-2.97234107941641
-0.9098509134735598
0.02737304006348568
-2.9916363931747947
-0.40840391121165565
0.3483005149807425
-3.197665448070731
-0.7972405225289283
0.2716080032193433
-3.0473693375874316
-0.7972405225289283
0.2716080032193433
-3.0473693375874316
-0.6569691074699533
0.12938501436238417
-3.091072395001503
-0.7439531556381076
0.25908891852154287
-3.059814187102669
-0.799179527923747
0.10596907549235676
-3.006033974206047
-0.8748625597326675
0.02466665445500274
-2.9874996951002837
-0.8018748170078073
0.11240395112285867
-3.058564683037295
-0.7872098892899987
-0.09738291034082167
-3.0639702690454675
-0.7872098892899987
-0.09738291034082167
-3.0639702690454675
-0.6614583646336508
0.03158100400408054
-3.0910951797402357
-0.5485303073439642
0.22999479280192048
-3.0942925213054506
-0.939246860037388
0.11303971612141371
-2.953341810596292
-0.5744833300015635
0.20503428179485503
-3.1144300427336375
-0.6346210295401714
0.0326301619645456
-3.089276085850616
-0.6288043889116686
0.04233175458823528
-3.0887114357996834
-0.8251954582833804
0.015278352154310811
-2.983553863898046
-0.5461913082411884
0.22173011512891602
-3.1090166375774038
-0.5461913082411884
0.22173011512891602
-3.1090166375774038
-0.5461913082411884
0.22173011512891602
-3.1090166375774038
-0.9027175935609456
0.10588715420860967
-2.9191175863680807
-0.9027175935609456
0.10588715420860967
-2.9191175863680807
-0.8837714299470829
0.12288147205667296
-2.9489955526698375
-0.7125365052887171
-0.10283829040780577
-3.020437395603244
-0.4524734931045223
0.19180795531807826
-3.144566117331212
-0.6920489081271263
0.11996619460337964
-3.0506778383751754
-0.6920489081271263
0.11996619460337964
-3.0506778383751754
-0.6775489356826426
0.1772176652891683
-3.0463560812237804
-0.5222797081191778
0.049052294986842875
-3.084130595130452
-0.9631468704587801
0.1984419675887204
-2.962107129752007
-0.9228582023403855
0.01825720729433137
-2.92954167179702
-0.5831953545030413
0.3120292098472287
-3.0348872276204535
-0.5831953545030413
0.3120292098472287
-3.0348872276204535
-0.5831953545030413
0.3120292098472287
-3.0348872276204535
-0.6285237981719535
0.18694307153447218
-3.0440352125068024
-0.6285237981719535
0.18694307153447218
-3.0440352125068024
-0.6995992460706211
0.020594681354355028
-2.9798372041143164
-0.6995992460706211
0.020594681354355028
-2.9798372041143164
-0.6995992460706211
0.020594681354355028
-2.9798372041143164
-0.6822072281336864
0.020883343383415846
-2.9797858295205186
-0.40053419543861085
0.03990804190998954
-3.1387944548546414
-0.5784026109650786
0.13502645543424197
-3.046178457995118
-0.861605611732349
0.012817967840127363
-2.929261860353369
-0.861605611732349
0.012817967840127363
-2.929261860353369
-0.8499191358312571
0.015587609701599503
-2.9294292607324595
-0.5237155974984623
0.3253039587788163
-3.0449601883749855
-0.5237155974984623
0.3253039587788163
-3.0449601883749855
-0.5237155974984623
0.3253039587788163
-3.0449601883749855
-0.5237155974984623
0.3253039587788163
-3.0449601883749855
-0.5237155974984623
0.3253039587788163
-3.0449601883749855
-0.5056729921192633
0.1278288227100865
-3.0464743835118773
-0.5064912872781243
0.1421739497998941
-3.1005121063178347
-0.7599068979608609
0.1542146520012789
-2.9304958132058156
-0.2511798506534778
0.03970775427234861
-3.0782575069822418
-0.2511798506534778
0.03970775427234861
-3.0782575069822418
-0.2511798506534778
0.03970775427234861
-3.0782575069822418
-0.2511798506534778
0.03970775427234861
-3.0782575069822418
-0.678327226888735
0.2683854873822256
-2.9802511292276503
-0.678327226888735
0.2683854873822256
-2.9802511292276503
-0.678327226888735
0.2683854873822256
-2.9802511292276503
-0.678327226888735
0.2683854873822256
-2.9802511292276503
-0.678327226888735
0.2683854873822256
-2.9802511292276503
-0.678327226888735
0.2683854873822256
-2.9802511292276503
-0.45059093372821024
0.20285685813293766
-3.0009336398767577
-0.18522684143248214
0.3607073425016074
-3.176928555497453
-0.5812890070698395
0.02188671265024737
-3.014340407898623
-0.49560706270176674
0.00698549664538696
-3.035951583305774
-0.41067760691776006
0.5069078036292002
-3.047141473321776
-0.41067760691776006
0.5069078036292002
-3.047141473321776
-0.41067760691776006
0.5069078036292002
-3.047141473321776
-0.41067760691776006
0.5069078036292002
-3.047141473321776
-0.7341747044082375
0.014905026031119631
-2.9506925244973496
-0.7341747044082375
0.014905026031119631
-2.9506925244973496
-0.695938360931676
0.006931073601042632
-2.9345197849007434
-0.695938360931676
0.006931073601042632
-2.9345197849007434
-0.41913536291048054
0.020166792419445276
-3.0377474683912205
-0.6800251738675357
-0.00020887092758820047
-2.9352335193255823
-0.4078157438922349
0.01635535598869631
-3.0380343349601224
-0.3620445560747321
0.2790949136190486
-3.0388097655613864
-0.3886752122059829
0.0045612234874460155
-3.038528399459962
-0.49042939610810565
-0.3119865492946305
-2.9910053913860497
-0.5574623886190883
-0.17548776023842813
-3.0022320410561436
-0.5574623886190883
-0.17548776023842813
-3.0022320410561436
-0.3544460586754624
0.017325412044565006
-3.0392809725990997
-0.5450737993102502
0.10525622488792398
-3.0056560275501276
-0.5450737993102502
0.10525622488792398
-3.0056560275501276
-0.632602913527962
0.001741988278368019
-2.9377801431927626
-0.632602913527962
0.001741988278368019
-2.9377801431927626
-0.28479767898906044
-0.31486047411227147
-3.0328744085505686
-0.28479767898906044
-0.31486047411227147
-3.0328744085505686
-0.28479767898906044
-0.31486047411227147
-3.0328744085505686
-0.28479767898906044
-0.31486047411227147
-3.0328744085505686
-0.16023292100028
-0.27804908189161737
-3.089789229156826
-0.2635904967326673
0.006438042595347071
-3.041177876813109
-0.5297240014148411
0.15400811897448707
-2.9675620077076483
-0.24348260190888674
0.0067395253073726106
-3.0415218710657155
-0.25950379969067716
-0.3652125076794594
-3.018737089307166
-0.2232562451805161
0.007037762121351513
-3.041837550462656
-0.2232562451805161
0.007037762121351513
-3.041837550462656
-0.2232562451805161
0.007037762121351513
-3.041837550462656
-0.0022822791900746816
-0.520197838228527
-3.012482636982709
-0.1867454417170479
0.011971083661068407
-3.042306180520255
-0.1781139638670157
-0.005695760725079373
-3.0424457392575457
-0.1781139638670157
-0.005695760725079373
-3.0424457392575457
-0.1578102104933424
-0.0011735815011007956
-3.0426387405648816
-0.18965533998167014
0.45041900898191023
-2.9754215692798383
-0.2535486053186776
0.417640552448443
-3.059113022223167
-0.04848631399833644
0.7846457636918499
-2.9471734589458864
-0.04848631399833644
0.7846457636918499
-2.9471734589458864
-0.012475467464705793
0.9687862318402225
-2.891158637634199
-0.012475467464705793
0.9687862318402225
-2.891158637634199
-0.012475467464705793
0.9687862318402225
-2.891158637634199
-0.012475467464705793
0.9687862318402225
-2.891158637634199
-0.1098244023412879
0.8895817068017307
-2.910466842619534
-0.18566244218199227
0.47845203477445636
-3.01995362229832
-0.5949329311198404
0.23958195153891718
-2.9113117865762037
-0.5949329311198404
0.23958195153891718
-2.9113117865762037
-0.5949329311198404
0.23958195153891718
-2.9113117865762037
-0.5949329311198404
0.23958195153891718
-2.9113117865762037
-0.5949329311198404
0.23958195153891718
-2.9113117865762037
-0.5949329311198404
0.23958195153891718
-2.9113117865762037
-0.46197671893546816
0.1731790728648322
-2.9684251192849844
-0.528971986067244
-0.004614216109660663
-2.94526885806033
-0.528971986067244
-0.004614216109660663
-2.94526885806033
-0.257074233173689
-0.46210829513321594
-2.959152134413283
-0.39799635486089036
-0.22785753259661942
-2.9499331433505405
-0.39799635486089036
-0.22785753259661942
-2.9499331433505405
-0.39799635486089036
-0.22785753259661942
-2.9499331433505405
-0.39799635486089036
-0.22785753259661942
-2.9499331433505405
0.055103278729053816
-0.0026741661606259496
-3.0430101906193805
-0.41277135746152943
-0.23090507217103454
-3.0024159899228113
-0.41277135746152943
-0.23090507217103454
-3.0024159899228113
-0.20541026980544488
-0.21572803109672156
-2.996020462853239
-0.20541026980544488
-0.21572803109672156
-2.996020462853239
-0.20541026980544488
-0.21572803109672156
-2.996020462853239
-0.20541026980544488
-0.21572803109672156
-2.996020462853239
-0.20541026980544488
-0.21572803109672156
-2.996020462853239
-0.20541026980544488
-0.21572803109672156
-2.996020462853239
-0.20541026980544488
-0.21572803109672156
-2.996020462853239
0.14884107985898268
-0.009147690118967404
-2.9892077001455095
0.1620843277780001
0.004939008386378758
-3.0977417583858773
0.442747012991917
0.2167206346827211
-2.9479692170605074
0.442747012991917
0.2167206346827211
-2.9479692170605074
0.442747012991917
0.2167206346827211
-2.9479692170605074
0.442747012991917
0.2167206346827211
-2.9479692170605074
0.442747012991917
0.2167206346827211
-2.9479692170605074
0.442747012991917
0.2167206346827211
-2.9479692170605074
0.2015155955487619
0.42747009980908235
-2.984779703037221
0.2015155955487619
0.42747009980908235
-2.984779703037221
-0.27300170409411073
0.8705940660787317
-2.856055496613891
-0.2500142285946205
0.6223735024996351
-2.929204554542703
0.009257920425660758
0.5053753583250311
-3.0805748226411684
0.009257920425660758
0.5053753583250311
-3.0805748226411684
0.009257920425660758
0.5053753583250311
-3.0805748226411684
0.009257920425660758
0.5053753583250311
-3.0805748226411684
0.009257920425660758
0.5053753583250311
-3.0805748226411684
-0.3370473532502583
0.10360235745869964
-3.0073387311779785
-0.3370473532502583
0.10360235745869964
-3.0073387311779785
-0.27060225581901304
-0.3034986778117893
-2.9862158314648886
-0.27060225581901304
-0.3034986778117893
-2.9862158314648886
0.21953284950863267
-0.7284776349804288
-2.9241608766780653
0.21953284950863267
-0.7284776349804288
-2.9241608766780653
0.04093691221988541
-0.39831524923289746
-3.0064420732158794
0.12077716720215902
-0.7978030774481591
-2.924160923299669
0.12077716720215902
-0.7978030774481591
-2.924160923299669
-0.1077422803270761
-0.5907125428052954
-2.946300717889894
-0.1077422803270761
-0.5907125428052954
-2.946300717889894
-0.1077422803270761
-0.5907125428052954
-2.946300717889894
-0.1077422803270761
-0.5907125428052954
-2.946300717889894
-0.1077422803270761
-0.5907125428052954
-2.946300717889894
-0.1119297172284729
-0.5645145248498199
-2.9623165686958477
-0.1119297172284729
-0.5645145248498199
-2.9623165686958477
-0.1119297172284729
-0.5645145248498199
-2.9623165686958477
-0.1119297172284729
-0.5645145248498199
-2.9623165686958477
-0.1119297172284729
-0.5645145248498199
-2.9623165686958477
-0.11344989110793034
-0.5370511861262881
-2.9783992109928725
-0.11344989110793034
-0.5370511861262881
-2.9783992109928725
-0.11344989110793034
-0.5370511861262881
-2.9783992109928725
-0.03595304319257263
-0.3338291266709907
-3.017858147509963
-0.03595304319257263
-0.3338291266709907
-3.017858147509963
-0.08466575640572892
-0.7399656569772711
-2.9513656583954644
-0.08466575640572892
-0.7399656569772711
-2.9513656583954644
-0.08466575640572892
-0.7399656569772711
-2.9513656583954644
-0.04583454265340673
-0.28316442502288025
-3.0354582195181443
-0.04583454265340673
-0.28316442502288025
-3.0354582195181443
-0.04583454265340673
-0.28316442502288025
-3.0354582195181443
-0.04583454265340673
-0.28316442502288025
-3.0354582195181443
0.31895176310089607
0.14763436355280918
-3.033451659564799
-0.13711227500707338
-0.21815448741964932
-3.0489963344483395
-0.1659887420635114
-0.19709314967725988
-3.0517154431449773
0.28372188396175874
-0.0360006232811843
-3.023208217900347
0.6098491757482086
-0.0025706697591262742
-2.97828415228164
0.6098491757482086
-0.0025706697591262742
-2.97828415228164
0.6098491757482086
-0.0025706697591262742
-2.97828415228164
0.6098491757482086
-0.0025706697591262742
-2.97828415228164
0.6098491757482086
-0.0025706697591262742
-2.97828415228164
0.6098491757482086
-0.0025706697591262742
-2.97828415228164
0.6098491757482086
-0.0025706697591262742
-2.97828415228164
0.6098491757482086
-0.0025706697591262742
-2.97828415228164
0.6098491757482086
-0.0025706697591262742
-2.97828415228164
0.40881224304581254
-0.0010982385023218522
-3.0249364148906084
0.40881224304581254
-0.0010982385023218522
-3.0249364148906084
-0.03017652821718915
0.439504736787817
-3.022224264395253
-0.4682052752308421
0.029417270808368364
-3.01862570570336
-0.4682052752308421
0.029417270808368364
-3.01862570570336
-0.5932558828676576
-0.12962099389884565
-2.9725990672989426
-0.5932558828676576
-0.12962099389884565
-2.9725990672989426
-0.11116517407863447
-0.5581819989521809
-3.017401853313937
-0.11116517407863447
-0.5581819989521809
-3.017401853313937
-0.020962540576498028
-0.36655981748384386
-3.0551614827373474
-0.020962540576498028
-0.36655981748384386
-3.0551614827373474
0.161671599452015
0.0922123556397656
-3.0584748587019805
0.161671599452015
0.0922123556397656
-3.0584748587019805
0.6714624986142095
0.1460623728912331
-2.9942174538358537
0.6714624986142095
0.1460623728912331
-2.9942174538358537
0.6714624986142095
0.1460623728912331
-2.9942174538358537
0.6714624986142095
0.1460623728912331
-2.9942174538358537
0.6714624986142095
0.1460623728912331
-2.9942174538358537
0.6714624986142095
0.1460623728912331
-2.9942174538358537
0.6714624986142095
0.1460623728912331
-2.9942174538358537
0.6714624986142095
0.1460623728912331
-2.9942174538358537
0.2651955770020105
0.5839195705645839
-3.0165911803491676
0.2651955770020105
0.5839195705645839
-3.0165911803491676
0.2651955770020105
0.5839195705645839
-3.0165911803491676
0.2651955770020105
0.5839195705645839
-3.0165911803491676
0.2651955770020105
0.5839195705645839
-3.0165911803491676
0.7418719316921221
0.07867569861214091
-2.9492546851138983
0.7418719316921221
0.07867569861214091
-2.9492546851138983
0.7418719316921221
0.07867569861214091
-2.9492546851138983
0.7418719316921221
0.07867569861214091
-2.9492546851138983
0.2912433667451213
0.3690654216269334
-3.047253432221601
0.2912433667451213
0.3690654216269334
-3.047253432221601
-0.014833143988300029
-0.07044638962942862
-3.1051671853222174
0.0014673920627617555
0.46456130291815484
-3.0706011711629864
-0.17591744464586626
0.3369190994113724
-3.0770638146264555
-0.17591744464586626
0.3369190994113724
-3.0770638146264555
-0.17591744464586626
0.3369190994113724
-3.0770638146264555
0.18080972227595404
0.6008290925996074
-3.0510185604355002
0.3394685547872752
0.6822569800693233
-3.004096177419445
0.3394685547872752
0.6822569800693233
-3.004096177419445
0.3394685547872752
0.6822569800693233
-3.004096177419445
0.3394685547872752
0.6822569800693233
-3.004096177419445
0.3394685547872752
0.6822569800693233
-3.004096177419445
0.3394685547872752
0.6822569800693233
-3.004096177419445
0.3394685547872752
0.6822569800693233
-3.004096177419445
0.3394685547872752
0.6822569800693233
-3.004096177419445
0.3394685547872752
0.6822569800693233
-3.004096177419445
0.3394685547872752
0.6822569800693233
-3.004096177419445
0.3394685547872752
0.6822569800693233
-3.004096177419445
0.3394685547872752
0.6822569800693233
-3.004096177419445
0.3394685547872752
0.6822569800693233
-3.004096177419445
0.3394685547872752
0.6822569800693233
-3.004096177419445
0.3394685547872752
0.6822569800693233
-3.004096177419445
0.3394685547872752
0.6822569800693233
-3.004096177419445
0.3394685547872752
0.6822569800693233
-3.004096177419445
0.4246176639986493
0.586524666395946
-3.038347763415967
0.4246176639986493
0.586524666395946
-3.038347763415967
0.4246176639986493
0.586524666395946
-3.038347763415967
0.4246176639986493
0.586524666395946
-3.038347763415967
0.4246176639986493
0.586524666395946
-3.038347763415967
0.4246176639986493
0.586524666395946
-3.038347763415967
0.4246176639986493
0.586524666395946
-3.038347763415967
0.4116929837147672
0.0977520884475876
-3.10654188245981
0.21598686427357708
0.16331112567151435
-3.135905381200596
0.21598686427357708
0.16331112567151435
-3.135905381200596
0.2575400727787145
0.14505601126309667
-3.138265027210846
0.6650140367740567
0.017667325476342036
-3.0519491644053147
0.28310903790410785
-0.12219214880784601
-3.141626713744414
0.28310903790410785
-0.12219214880784601
-3.141626713744414
0.7141140204662983
0.23032415091377537
-3.030917079156401
0.5136141386130143
0.33413440351684837
-3.109043548151909
0.6644219837588885
0.03438692721304141
-3.039295996354242
0.6644219837588885
0.03438692721304141
-3.039295996354242
0.6759181770067317
0.042843772401291634
-3.041201180954804
0.6759181770067317
0.042843772401291634
-3.041201180954804
0.3880163032026561
-0.2192014908175875
-3.1250040185273087
0.3880163032026561
-0.2192014908175875
-3.1250040185273087
0.3880163032026561
-0.2192014908175875
-3.1250040185273087
0.3880163032026561
-0.2192014908175875
-3.1250040185273087
0.3880163032026561
-0.2192014908175875
-3.1250040185273087
0.3880163032026561
-0.2192014908175875
-3.1250040185273087
0.6152882512285489
0.13218729150089426
-3.0661497569777754
0.5834461853632035
0.30616663257858784
-3.0743450992566856
0.7525628391021552
0.02248038283152552
-3.070567181067594
0.733028144785799
0.03329977986243562
-3.052717853892689
0.5281688317529031
0.022672125884250965
-3.11995206062795
0.6713411898770656
0.16452188811689006
-3.0883417845192884
0.35418270075881914
0.19814289356215875
-3.1677409050709535
0.3762297354024003
0.21351261358030246
-3.166051808355074
0.8878413296433709
0.10110052257041428
-3.0144818727428073
0.8878413296433709
0.10110052257041428
-3.0144818727428073
0.39633614196113226
0.19863224908340382
-3.1725425873897217
0.39633614196113226
0.19863224908340382
-3.1725425873897217
0.6891209870724044
0.11137889202702377
-3.082151808763116
0.42248927460407976
0.17601917961521382
-3.1809400259407536
0.7285213596346993
0.15512025463232043
-3.1001689774357564
0.6545509470319131
0.24942095792600813
-3.106187271641737
0.4481830446816373
-0.15263219844680653
-3.186985137083129
0.6264060507665848
0.015400325205885714
-3.135825260832139
0.6264060507665848
0.015400325205885714
-3.135825260832139
0.44680586993028637
-0.3490033410174461
-3.1878960963696676
0.7671787900183797
0.1409920618186018
-3.107483836960497
0.7671787900183797
0.1409920618186018
-3.107483836960497
0.68469735832908
0.29749390889494726
-3.1405157490659046
0.8108839693748598
0.308152390970598
-3.0522938205745205
0.4849960131975178
0.40183954305479636
-3.159960920622597
0.31720934687595115
0.14689668826061927
-3.2284300594414868
0.6714343750766755
0.045668402214227743
-3.123395189737802
1.116841312886696
0.07599058360745908
-2.9648155563344822
1.116841312886696
0.07599058360745908
-2.9648155563344822
1.116841312886696
0.07599058360745908
-2.9648155563344822
0.7113100587335013
0.03381870030666711
-3.125227116454405
0.9143130762062126
0.18859353874208726
-3.0067579098252484
0.9143130762062126
0.18859353874208726
-3.0067579098252484
0.9252139557119494
-0.01202363855804643
-3.0756231553618845
0.7706508698656089
0.015432913346069969
-3.089997515532206
0.8932667280641006
0.27648149154206697
-3.0655741036159343
0.8932667280641006
0.27648149154206697
-3.0655741036159343
0.6386429339171343
0.2873965303344674
-3.1576200451178336
0.7239988865436359
0.09785974737221187
-3.165487141588718
0.4899882580228688
0.2814657422952305
-3.249036321090486
0.9223221808206306
0.08122658279601278
-3.0623873675535376
0.9223221808206306
0.08122658279601278
-3.0623873675535376
0.9223221808206306
0.08122658279601278
-3.0623873675535376
0.7753408167884761
0.1567787164200466
-3.1973793696454944
0.821783732040502
0.12411375748191884
-3.12526498025942
0.821783732040502
0.12411375748191884
-3.12526498025942
0.6716908186624867
0.37324460979893226
-3.189652032716211
0.950537329848988
0.19401950829344006
-3.090811210155953
1.0153057940301007
0.0686578823769259
-3.0567662582468476
1.0335930849154888
0.09398307873100327
-3.053746448387581
0.8820181479778664
0.08425664477376003
-3.1353311155828654
0.9187675722635282
0.2728698834646091
-3.1040199015200685
0.9077764147762099
-0.09119079303067551
-3.131325355541645
0.7861242322689924
0.3289899896737367
-3.194134753906393
0.8400115350764449
0.010684651697850746
-3.2163815924759556
1.1119619968453227
0.09042571957356613
-3.0435768395887526
0.8828767085967639
0.01982025370504871
-3.1525268938884623
1.1389395295416829
0.06564663393096926
-3.040381680716455
0.9313293538561468
0.02233321404985779
-3.146035746565906
1.1192698361069722
0.16501030122940283
-3.0169017589010627
1.0584352334061693
-0.0712433279975882
-3.111258849076226
0.9166275289139855
0.07677643013763766
-3.1585812998468796
0.9166275289139855
0.07677643013763766
-3.1585812998468796
1.1253529846594943
0.24466879766803826
-3.080410605504519
1.0850970835136673
0.13699749447286505
-3.081077137868298
0.8645526748949472
0.10701027156897665
-3.2126145340145156
1.2483956132152088
0.10463887252813832
-3.0600685748338443
0.9244328243289602
0.10707169910126477
-3.2644639966254374
0.8898125616474152
0.18118681074601153
-3.272520671535287
1.1954061169085926
0.13055184683080132
-3.0588560650875176
1.1976486929331474
0.15468964662543405
-3.030340795580889
1.2417316867029107
0.15326774280974753
-3.0199221858116347
1.210954329403919
0.08325684544917343
-3.068678889934232
1.3969781768193394
0.13890833504557668
-2.956283939496595
