-1.6639047953003723
0.027417733631153393
-2.8369740831631405
-1.6652958048903819
0.08454722262806773
-2.798704194713309
-1.7722617096108526
0.11752043862693867
-2.728179080682899
-1.644949633006261
0.07717489670080013
-2.8368057113165657
-1.6038914380562521
0.031332496247183234
-2.8581087740380537
-1.6835296363595926
0.08150966118225564
-2.774123147178224
-1.5325256315348528
0.09711719543388143
-2.918988023693665
-1.6829572015709473
0.08587743092794607
-2.8311015580015915
-1.6207460925514963
0.0322320536890336
-2.8336078668477604
-1.5676526701027609
0.08400693228766465
-2.862612618315216
-1.5617699783253622
0.09287518862914573
-2.890600734985274
-1.5269662922959861
0.09241779844166352
-2.8449206396451996
-1.4929050119743215
0.1441370639876137
-2.9162804640351467
-1.5493240911496575
0.036923489777908776
-2.8612282891088894
-1.475979179998189
0.03473281258290901
-2.955483674047444
-1.5386195250818677
0.035643521736018625
-2.8593682209130415
-1.5854063011671344
0.050049298604533554
-2.798846496315458
-1.487910826522836
0.027015378117387953
-2.8486000316591804
-1.5287254097221763
0.08303944767661783
-2.8535095404703825
-1.5176850360746779
0.083545379070696
-2.8565400768448446
-1.4991398033465073
0.08727702161396433
-2.831966651081369
-1.3689757075422475
0.0433123175400813
-2.9886384656526483
-1.4469777661940926
0.03600072973162467
-2.8841899278470318
-1.336648844136763
0.16541451857633893
-2.9539813745110823
-1.4467473336378172
-0.006439245217283991
-2.819694923137568
-1.5248988132540982
-0.02616384287390352
-2.8038090208404287
-1.3801148522132405
0.029028767512616346
-2.8753637096136035
-1.552190547485315
0.04589998714100236
-2.7836928980348645
-1.3652859378230588
0.03465263957061387
-2.9086054252550504
-1.3181806268574745
0.10230219421230392
-2.9208972769644723
-1.426621793324989
0.031147420735211862
-2.8101592931992943
-1.3436637318746192
0.03350001034319493
-2.90625090634648
-1.3873787241970144
0.09138897058940272
-2.8800360176530297
-1.2585394428666452
0.09823380352212577
-2.938267420462273
-1.301656406876925
0.03473396806616426
-2.920145496538016
-1.1491258369341866
-0.037974259268032426
-3.068458503328995
-1.2809394817121134
0.03203337921917022
-2.9232261926210943
-1.1061524488673553
-0.016239389746002586
-3.0507883371994953
-1.2272630482126
0.10972547693980773
-2.965003857643412
-1.266739985889863
0.030890729204426218
-2.917408586096282
-1.3363954238610392
0.20840562134644394
-2.9007197501861577
-1.2426817136321744
0.029348464784453663
-2.9278702444651907
-0.9652828183277711
0.1650273231222028
-3.158682857998124
-1.2963512375572988
0.09840038507821589
-2.8915617864364687
-1.2927752712362734
0.08858832308197799
-2.892377029215714
-1.1883429710638789
0.11326321704094901
-2.9898843145549114
-1.3199881331900714
0.14878035167926906
-2.8433267113142118
-1.3226231826141968
0.029782301140524433
-2.873593234296283
-1.2182058723543503
0.17181103775073908
-2.9377471776099626
-1.412302643408039
0.026611641665641908
-2.825765055492763
-1.134171675299228
0.12533226483575577
-2.970407723467895
-1.234138199606604
0.09974067376373374
-2.902888026425124
-1.2769668944781905
0.02492981298625788
-2.854669941917457
-1.2769668944781905
0.02492981298625788
-2.854669941917457
-1.1795718711482905
0.17297887862711178
-2.9376518165133803
-1.0313476567060231
0.0350896325973332
-3.032573682018158
-1.1598920048562609
-0.09391740726907312
-2.948530729268443
-1.0385487202071912
0.03701136375221427
-3.0203723332157097
-1.146860866775525
0.03310650624406028
-2.9208255884927756
-1.0861210178842413
0.11184226363050119
-2.938619743093436
-1.0861210178842413
0.11184226363050119
-2.938619743093436
-1.0673878716112886
-0.043903319842192624
-2.974307461965414
-1.0710152541185882
0.11681052792863555
-2.9678426565454132
-1.1718459433760335
0.10015657525602911
-2.8995215483980044
-1.1634775066610703
-0.03720755365200896
-2.8755599016079842
-1.0535295766854036
0.11755640495057566
-2.9656680318092308
-1.2650801368787015
0.0827569384654229
-2.795709209342263
-1.0897783156433616
0.03110194021747534
-2.926756229408678
-1.150594763716287
0.09832830902107545
-2.8683457634483194
-1.1628773708301514
-0.04642926030649024
-2.9200048855424643
-1.1594809709299074
0.09991120201951953
-2.885069414723034
-1.0908725097188279
0.021970535412314623
-2.913083320228702
-1.0981728611607886
0.15857030664097
-2.898155113355859
-0.9068373997173031
0.11981729149146234
-3.0457515136968967
-1.0789967110632228
0.03238662890404687
-2.9104726700165005
-0.7039477249418814
0.19724981924515825
-3.1173669923787775
-0.8428578221947827
0.14954003151706388
-3.0342392655867734
-1.005778615257245
0.11439629135732902
-2.92502998106704
-0.9546815640081522
0.2292538702136794
-3.013883784053609
-1.1266142215393642
0.21723982058284985
-2.838656844803257
-0.9300990231854385
0.0361621539335965
-3.0032109860140053
-1.0088291795461786
0.1315466969207323
-2.9704218635971196
-1.1580566369697782
0.02564149974426779
-2.836916863632253
-0.97452030224355
-0.046828164775815015
-2.956729476985223
-0.97452030224355
-0.046828164775815015
-2.956729476985223
-1.0419679321326345
0.03186649321126654
-2.900283022101662
-1.0390503859446016
0.03453906364801328
-2.899401637493426
-0.9020128083416097
0.06701684935551398
-2.994873589736066
-0.9661865898105468
0.1181526690894802
-2.9454204340231676
-1.0937856195280846
-0.04748196049758403
-2.901685507048889
-1.0261573332120206
0.031634780257440556
-2.8953187944830887
-1.0919078479954354
0.10019552725812825
-2.8656970498441074
-0.7765512735634914
0.1538154923677115
-3.0177791909463725
-1.12600925231883
0.028162628929433622
-2.8266137393784527
-0.8027633631693268
0.15274965650331854
-3.001129786441499
-0.8027633631693268
0.15274965650331854
-3.001129786441499
-0.9375789959240427
0.1459445138554285
-2.935157978641988
-1.0567717300721542
0.10501007897166048
-2.8702804742089008
-1.0567717300721542
0.10501007897166048
-2.8702804742089008
-0.9804680125669523
0.011760432146335077
-2.8680297243194732
-0.9058056801962037
0.12138282964852184
-2.9139415684427257
-0.914145907828726
-0.05400912725136441
-2.938743759342855
-0.9883026967580898
0.05187617320208937
-2.883091378519515
-0.8948511170115815
0.12221506928204957
-2.910858297572451
-0.8948511170115815
0.12221506928204957
-2.910858297572451
-0.8438799127662594
0.22931605309781658
-2.9330382647109725
-1.0241812679305344
-0.04418270509121891
-2.8383967886245918
-0.8916517270145958
-0.05257241830610156
-2.932955510172014
-0.9502869178602662
0.0327698407217356
-2.8592475106517052
-0.9503651289479982
-0.10309338548082982
-2.8553517334364162
-0.7995110806218755
0.0491002485002179
-2.953506011751529
-0.7995110806218755
0.0491002485002179
-2.953506011751529
-0.7995110806218755
0.0491002485002179
-2.953506011751529
-0.7995110806218755
0.0491002485002179
-2.953506011751529
-0.685502465484654
-0.07551436537841777
-2.973447563232925
-0.685502465484654
-0.07551436537841777
-2.973447563232925
-0.8759836421334598
0.12425207697641288
-2.8866893623295375
-0.8532344118171583
-0.023161148993920407
-2.924881583388821
-0.8532344118171583
-0.023161148993920407
-2.924881583388821
-0.7617493708147457
0.047028567384377475
-2.9458391616010053
-0.7617493708147457
0.047028567384377475
-2.9458391616010053
-0.8397990185341314
-0.056878709551327296
-2.9214706545110696
-0.7806255226054494
0.24165077935530432
-2.915604012388444
-0.7389378868968931
-0.1708405224616016
-2.965895832384318
-0.7389378868968931
-0.1708405224616016
-2.965895832384318
-0.8903984870160875
0.030853106827347845
-2.8462030564795584
-0.8293522492676765
0.1251709513449021
-2.9101689694729402
-0.8329114985463096
0.13529298565393663
-2.8769371953980083
-0.9551512504701869
0.12894056508606422
-2.814932761950217
-0.8178081591170341
0.11286018207810453
-2.907833412038812
-0.8178081591170341
0.11286018207810453
-2.907833412038812
-0.7307839704685398
0.037398537652793176
-2.9557815371880163
-0.792606384477381
-0.06154790235557685
-2.9140557646896355
-0.6970408140137362
0.05003632097056993
-2.936320871613382
-0.5849514940546634
-0.09724520259164117
-3.0099970302105965
-0.7781820906846686
-0.020918204760649404
-2.913587878193554
-0.6802421340576085
0.05091239031367916
-2.934480554513255
-0.675436712605534
0.0552425590903893
-2.9338883686696597
-0.7644756203212486
-0.06474200255462655
-2.910748102811301
-0.665403025800773
0.05583692149262317
-2.93292102984508
-0.755427357028361
-0.06584214369036558
-2.909829939983311
-0.823742554723563
0.04157135170249906
-2.837510846210382
-0.823742554723563
0.04157135170249906
-2.837510846210382
-0.5142110157850229
0.3766516329522945
-2.9607456377818537
-0.8111596003900629
0.03555034617512362
-2.836405230174217
-0.3654145682874948
0.12262873869232747
-3.0753968516115573
-0.3654145682874948
0.12262873869232747
-3.0753968516115573
-0.3654145682874948
0.12262873869232747
-3.0753968516115573
-0.80630815194494
0.04779214829214512
-2.8830204795733954
-0.6058454233237571
0.06411494746231067
-2.928270037112139
-0.7197220494882164
0.1260197053594525
-2.896289696705642
-0.790351930796906
0.04496598313310812
-2.8820229840178913
-0.5913401571746673
0.06969921007695168
-2.927266971587271
-0.586043391351059
0.06070828511135617
-2.9783244724947364
-0.2969333771269422
0.1744226964819236
-3.0087382766584754
-0.7714938482945353
0.03882871553238379
-2.881066720634594
-0.7714938482945353
0.03882871553238379
-2.881066720634594
-0.7618477543738881
0.04574946105079414
-2.8806422488493073
-0.6750700139228277
0.16784343119003273
-2.8913660702317525
-0.5441773875759883
0.06928174652675165
-2.9251674937966174
-0.6656739881463546
0.12848570993994168
-2.8931376222496623
-0.5272393605578383
0.066085315196947
-2.9246918154327166
-0.3191242809608422
-0.3462989297366346
-2.964263682077978
-0.7318620423816784
0.039785183514713315
-2.8796757199647343
-0.7267391943641213
0.043310113927660786
-2.8795426446739762
-0.49981075132447894
0.07375068063782247
-2.9235477248371367
-0.4919416946389064
0.06453647028376873
-2.9237141976438887
-0.4850362326610055
0.07033060802416029
-2.923301176338111
-0.7057760964271222
0.040416603427130826
-2.8791475117740752
-0.6868323202763995
-0.17936621555463247
-2.8497948717646815
-0.6950599001389572
0.04067614482723225
-2.879004725756691
-0.6772816983321301
0.32994336855368694
-2.8424515755449864
-0.4519801835202103
0.07947147294426529
-2.97328252267011
-0.6686669033148914
0.04563613524231103
-2.830914480918679
-0.43886866085293086
0.07004147769720992
-2.9734587014251814
-0.43886866085293086
0.07004147769720992
-2.9734587014251814
-0.65497652141853
0.039134264153902414
-2.830868823410348
-0.4133134228425493
0.06765909501466007
-2.9730761743237633
-0.40781153779665774
0.08629425805623787
-2.920843589437744
-0.5670115409582097
-0.08558823400859202
-2.8648566592070006
-0.08990293667810866
-0.5920376525051906
-2.934521128250599
-0.08990293667810866
-0.5920376525051906
-2.934521128250599
-0.08990293667810866
-0.5920376525051906
-2.934521128250599
-0.08990293667810866
-0.5920376525051906
-2.934521128250599
-0.08990293667810866
-0.5920376525051906
-2.934521128250599
-0.08990293667810866
-0.5920376525051906
-2.934521128250599
-0.01875189302471858
-0.6208262989398516
-2.9166224999451544
-0.01875189302471858
-0.6208262989398516
-2.9166224999451544
-0.01875189302471858
-0.6208262989398516
-2.9166224999451544
-0.01875189302471858
-0.6208262989398516
-2.9166224999451544
-0.01875189302471858
-0.6208262989398516
-2.9166224999451544
-0.01875189302471858
-0.6208262989398516
-2.9166224999451544
-0.01875189302471858
-0.6208262989398516
-2.9166224999451544
0.24540837917012218
-0.39372445447042914
-2.948055358052844
-0.024232775929411532
-0.6567264831844423
-2.890390657180852
-0.024232775929411532
-0.6567264831844423
-2.890390657180852
-0.024232775929411532
-0.6567264831844423
-2.890390657180852
-0.024232775929411532
-0.6567264831844423
-2.890390657180852
-0.024232775929411532
-0.6567264831844423
-2.890390657180852
-0.024232775929411532
-0.6567264831844423
-2.890390657180852
-0.024232775929411532
-0.6567264831844423
-2.890390657180852
-0.024232775929411532
-0.6567264831844423
-2.890390657180852
-0.024232775929411532
-0.6567264831844423
-2.890390657180852
-0.024232775929411532
-0.6567264831844423
-2.890390657180852
-0.024232775929411532
-0.6567264831844423
-2.890390657180852
-0.024232775929411532
-0.6567264831844423
-2.890390657180852
-0.354797387430988
-0.20035636858142492
-2.8894183746723643
-0.354797387430988
-0.20035636858142492
-2.8894183746723643
-0.14523887606547242
0.22273078394336276
-2.948618747001675
-0.47237053937902923
0.027481314391256166
-2.881581000143361
-0.47237053937902923
0.027481314391256166
-2.881581000143361
-0.47237053937902923
0.027481314391256166
-2.881581000143361
-0.45207566622515005
0.035359822850703736
-2.8820267480090793
-0.45207566622515005
0.035359822850703736
-2.8820267480090793
-0.6815391263089672
0.009999099991776596
-2.8350877869940354
-0.425825045007992
0.029727980506343482
-2.8345021718580603
-0.09062664633895742
0.29567152314931944
-2.931076473155668
-0.09062664633895742
0.29567152314931944
-2.931076473155668
-0.09327463177898312
0.3197278844113936
-2.9245763774014386
-0.09327463177898312
0.3197278844113936
-2.9245763774014386
-0.03351209938110447
0.6302460448750913
-2.8732293239935487
-0.03351209938110447
0.6302460448750913
-2.8732293239935487
-0.03351209938110447
0.6302460448750913
-2.8732293239935487
-0.03351209938110447
0.6302460448750913
-2.8732293239935487
-0.03351209938110447
0.6302460448750913
-2.8732293239935487
-0.03351209938110447
0.6302460448750913
-2.8732293239935487
-0.03351209938110447
0.6302460448750913
-2.8732293239935487
-0.03351209938110447
0.6302460448750913
-2.8732293239935487
-0.03351209938110447
0.6302460448750913
-2.8732293239935487
-0.05155313896840209
0.3914428500984509
-2.8995355594193972
-0.05155313896840209
0.3914428500984509
-2.8995355594193972
-0.05155313896840209
0.3914428500984509
-2.8995355594193972
-0.043723833406783534
0.40815243771925613
-2.89286704517192
-0.17408650035505213
0.5746226333717693
-2.854253000904006
-0.17408650035505213
0.5746226333717693
-2.854253000904006
-0.17408650035505213
0.5746226333717693
-2.854253000904006
-0.17408650035505213
0.5746226333717693
-2.854253000904006
-0.17408650035505213
0.5746226333717693
-2.854253000904006
0.08061874285646824
0.42015152779607023
-2.8703511039450746
0.08061874285646824
0.42015152779607023
-2.8703511039450746
-0.03513560523728753
0.44715816389501206
-2.876447919667266
-0.24907423340215754
0.028287565958712443
-2.8865813482418825
0.14277758312553884
0.38097148893744454
-2.846986016959432
0.14277758312553884
0.38097148893744454
-2.846986016959432
0.14277758312553884
0.38097148893744454
-2.846986016959432
0.14277758312553884
0.38097148893744454
-2.846986016959432
0.14277758312553884
0.38097148893744454
-2.846986016959432
0.13914743747580802
0.3987314277310079
-2.8393607613384697
-0.19570048750524435
0.03377565700002872
-2.8873742334167822
-0.029772546127950848
0.4802103734283308
-2.8615648732241072
-0.029772546127950848
0.4802103734283308
-2.8615648732241072
-0.17263938083576208
0.03452006787936474
-2.88764719556868
-0.164949333717651
0.03478662843190166
-2.887726299367484
-0.02117914912746464
0.4874474599554089
-2.857396856384124
-0.06038880022194983
0.5367270495925227
-2.867709035600106
-0.14192038257755735
0.03565168598840634
-2.887925202543557
-0.01977051303584725
0.49469919166381693
-2.853931780801123
-0.01977051303584725
0.49469919166381693
-2.853931780801123
-0.01977051303584725
0.49469919166381693
-2.853931780801123
0.3758394236872741
0.37934284098907795
-2.791491023094339
-0.10773088506772911
0.037162714776510175
-2.888109691487123
-0.017129058743038765
0.5046334452539114
-2.84922649375519
-0.22817274559308348
0.38636587928501576
-2.85056712976883
-0.22601522288671003
0.38433944794881597
-2.850926921622976
-0.013064192560254059
0.5066757080320531
-2.8476926383232004
-0.07447072975513876
0.03891686003859086
-2.888164159675551
0.19938203191076134
0.3855645422153616
-2.8524138021919874
-0.011764413065008047
0.5107486888000168
-2.8458932568158253
-0.33118013155187803
0.02583446692304003
-2.860473209665798
-0.045922467239885134
0.03553254638235829
-2.8881918390420243
-0.00984630277506544
0.5139464115000626
-2.8445960935009436
-0.00984630277506544
0.5139464115000626
-2.8445960935009436
-0.007852674538241034
0.5132339725298288
-2.8444278083333496
-0.19098071890911236
0.22179563544930714
-2.842156173417853
-0.015187258167869491
0.03647545029297565
-2.888170631130507
-0.008518855986505383
0.041675954079222116
-2.888119546485946
-0.0016783947792617315
0.03655201773864337
-2.8881798910745204
0.005050267833250823
0.041644585965792486
-2.8881363357455667
0.21157520180301614
-0.387651149841071
-2.8500511532616604
0.6321070668049206
-0.1203592521266884
-2.816534789836834
0.6321070668049206
-0.1203592521266884
-2.816534789836834
0.6321070668049206
-0.1203592521266884
-2.816534789836834
0.6321070668049206
-0.1203592521266884
-2.816534789836834
0.6321070668049206
-0.1203592521266884
-2.816534789836834
0.6321070668049206
-0.1203592521266884
-2.816534789836834
0.6321070668049206
-0.1203592521266884
-2.816534789836834
0.3845408011461777
-0.20366286628708205
-2.8522291963311313
0.3845408011461777
-0.20366286628708205
-2.8522291963311313
0.08080274908816941
0.03471411327601173
-2.8882703141593216
0.0067426778624505735
0.5062394412678279
-2.8483806632812003
0.09628767209316465
0.0526352736701649
-2.888049130917636
0.09628767209316465
0.0526352736701649
-2.888049130917636
0.09628767209316465
0.0526352736701649
-2.888049130917636
-0.023785543311266817
0.5320272414956927
-2.8173755174980655
-0.023785543311266817
0.5320272414956927
-2.8173755174980655
0.1806735911999841
0.4274094160680799
-2.8240236027876264
0.13947679122621984
0.03866658083581164
-2.887881272817379
0.16542000798891623
-0.4088202230897818
-2.830209759284393
0.16542000798891623
-0.4088202230897818
-2.830209759284393
0.16316666528630963
0.04288806358259404
-2.887586374525067
0.17106430081746804
0.042883731600398454
-2.8874846995397383
-0.2265919805117287
-0.3634418770840694
-2.8603828215122657
-0.2265919805117287
-0.3634418770840694
-2.8603828215122657
-0.2265919805117287
-0.3634418770840694
-2.8603828215122657
-0.2265919805117287
-0.3634418770840694
-2.8603828215122657
-0.11140054885962829
-0.6305160204248524
-2.8026829071999892
-0.11140054885962829
-0.6305160204248524
-2.8026829071999892
-0.11140054885962829
-0.6305160204248524
-2.8026829071999892
0.17717019544469692
-0.3768154874451754
-2.842881692634639
0.17717019544469692
-0.3768154874451754
-2.842881692634639
0.17717019544469692
-0.3768154874451754
-2.842881692634639
0.17717019544469692
-0.3768154874451754
-2.842881692634639
0.17717019544469692
-0.3768154874451754
-2.842881692634639
0.2684501055886996
0.04350262155719569
-2.885736574415286
0.2684501055886996
0.04350262155719569
-2.885736574415286
0.2684501055886996
0.04350262155719569
-2.885736574415286
0.039356302277058317
0.4155833219439281
-2.837316623121565
0.24308665444969957
0.3737736763884635
-2.8440836935273124
0.16430655877100991
0.5786562097192081
-2.852106881116554
0.16430655877100991
0.5786562097192081
-2.852106881116554
-0.12484370852958103
0.5499954910100733
-2.8147573675862483
-0.12484370852958103
0.5499954910100733
-2.8147573675862483
-0.5044918546401899
0.10234447802331005
-2.8316549924018575
-0.5044918546401899
0.10234447802331005
-2.8316549924018575
-0.5044918546401899
0.10234447802331005
-2.8316549924018575
-0.1556029576607375
0.3137270786665609
-2.872287526764758
0.30835452124273793
0.4915805165608974
-2.8546419560103886
0.3377125483952062
0.2730373086385446
-2.8323023705438626
0.27968191694204236
0.5057739243077839
-2.832694967622437
0.06983273820664597
0.33980053131277543
-2.8654972841689172
0.38790957460295705
0.04113714375715116
-2.882718219372493
0.38790957460295705
0.04113714375715116
-2.882718219372493
0.0788078358884321
0.3200863256703615
-2.8717412945837895
0.3449331794832579
-0.18384780773922593
-2.84912602196439
0.3449331794832579
-0.18384780773922593
-2.84912602196439
0.3449331794832579
-0.18384780773922593
-2.84912602196439
0.3449331794832579
-0.18384780773922593
-2.84912602196439
0.3449331794832579
-0.18384780773922593
-2.84912602196439
0.43231834262469854
0.042913969918120805
-2.833260685699889
0.0004610214598532789
0.36486618997570663
-2.897856780089184
0.0004610214598532789
0.36486618997570663
-2.897856780089184
0.45293108218269384
0.043207504654323554
-2.8326699620196774
0.45293108218269384
0.043207504654323554
-2.8326699620196774
0.45293108218269384
0.043207504654323554
-2.8326699620196774
0.13626641791105712
0.19748788491970712
-2.9003655750466146
0.13626641791105712
0.19748788491970712
-2.9003655750466146
0.5474859714022859
0.28059199820806535
-2.7926379410672517
0.16958055538782832
0.13883611038340224
-2.8593289000630344
0.047518311235655426
0.5253180452049745
-2.823529417216691
0.3445271212530804
0.4267311138002906
-2.818437159845211
0.3445271212530804
0.4267311138002906
-2.818437159845211
0.1963796807182267
0.11254330187849995
-2.9120880009449617
0.1963796807182267
0.11254330187849995
-2.9120880009449617
0.21469133478833693
0.11928074894408622
-2.9122724519500984
0.21469133478833693
0.11928074894408622
-2.9122724519500984
0.05546354273193679
0.48532047796404043
-2.8447904223466423
0.24912394691863812
0.09167506202421148
-2.9154526471842397
0.5518145941344434
0.0410606737181399
-2.830017537728565
0.5518145941344434
0.0410606737181399
-2.830017537728565
0.5518145941344434
0.0410606737181399
-2.830017537728565
0.2841817103930471
0.07278317993788577
-2.9174336613887717
0.2841817103930471
0.07278317993788577
-2.9174336613887717
0.2841817103930471
0.07278317993788577
-2.9174336613887717
0.2841817103930471
0.07278317993788577
-2.9174336613887717
0.2841817103930471
0.07278317993788577
-2.9174336613887717
0.0013640885459628217
0.12495142770796261
-2.9715853351577843
-0.49802077962884733
-0.18128847160547204
-2.8637522517005847
-0.5023593100443102
-0.17246687206375366
-2.8652137794150847
-0.5023593100443102
-0.17246687206375366
-2.8652137794150847
-0.5023593100443102
-0.17246687206375366
-2.8652137794150847
-0.5023593100443102
-0.17246687206375366
-2.8652137794150847
-0.5023593100443102
-0.17246687206375366
-2.8652137794150847
-0.5023593100443102
-0.17246687206375366
-2.8652137794150847
-0.5023593100443102
-0.17246687206375366
-2.8652137794150847
-0.5023593100443102
-0.17246687206375366
-2.8652137794150847
-0.5023593100443102
-0.17246687206375366
-2.8652137794150847
-0.5023593100443102
-0.17246687206375366
-2.8652137794150847
-0.5023593100443102
-0.17246687206375366
-2.8652137794150847
-0.5023593100443102
-0.17246687206375366
-2.8652137794150847
-0.41260204187575006
0.011019798418001974
-2.9051675760625697
-0.5788805954388253
-0.1464389150170013
-2.870024176655381
-0.5788805954388253
-0.1464389150170013
-2.870024176655381
-0.5788805954388253
-0.1464389150170013
-2.870024176655381
-0.5788805954388253
-0.1464389150170013
-2.870024176655381
-0.5788805954388253
-0.1464389150170013
-2.870024176655381
-0.5788805954388253
-0.1464389150170013
-2.870024176655381
-0.5788805954388253
-0.1464389150170013
-2.870024176655381
-0.5788805954388253
-0.1464389150170013
-2.870024176655381
-0.5788805954388253
-0.1464389150170013
-2.870024176655381
-0.5788805954388253
-0.1464389150170013
-2.870024176655381
-0.35823895058834915
0.12262299449743859
-2.9201950804793526
-0.35823895058834915
0.12262299449743859
-2.9201950804793526
-0.4185157273209496
-0.2203726800822205
-2.9031228722651874
-0.4185157273209496
-0.2203726800822205
-2.9031228722651874
-0.4185157273209496
-0.2203726800822205
-2.9031228722651874
-0.3942231086766545
0.10483548844731663
-2.9236754734971426
-0.3942231086766545
0.10483548844731663
-2.9236754734971426
-0.4451431455553505
-0.19676387314045568
-2.909292087172515
-0.4451431455553505
-0.19676387314045568
-2.909292087172515
-0.4451431455553505
-0.19676387314045568
-2.909292087172515
-0.4451431455553505
-0.19676387314045568
-2.909292087172515
-0.4451431455553505
-0.19676387314045568
-2.909292087172515
-0.4451431455553505
-0.19676387314045568
-2.909292087172515
-0.4542094044920673
0.08944926005877604
-2.9273074129355865
-0.4542094044920673
0.08944926005877604
-2.9273074129355865
-0.6174936637378959
-0.03924958726964492
-2.8739951933737693
-0.6174936637378959
-0.03924958726964492
-2.8739951933737693
-0.6174936637378959
-0.03924958726964492
-2.8739951933737693
-0.6174936637378959
-0.03924958726964492
-2.8739951933737693
-0.6174936637378959
-0.03924958726964492
-2.8739951933737693
-0.6174936637378959
-0.03924958726964492
-2.8739951933737693
-0.6174936637378959
-0.03924958726964492
-2.8739951933737693
-0.6174936637378959
-0.03924958726964492
-2.8739951933737693
-0.6174936637378959
-0.03924958726964492
-2.8739951933737693
-0.5262167896402062
0.07980101253651808
-2.9313519902479848
-0.6344372908005387
-0.36234403534103454
-2.8669227910741175
-0.7018272581467669
-0.2286377605148278
-2.8526646152101542
-0.7018272581467669
-0.2286377605148278
-2.8526646152101542
-0.7018272581467669
-0.2286377605148278
-2.8526646152101542
-0.5567968434990651
0.08383481665942967
-2.932586352388781
-0.5567968434990651
0.08383481665942967
-2.932586352388781
-0.5567968434990651
0.08383481665942967
-2.932586352388781
-0.5567968434990651
0.08383481665942967
-2.932586352388781
-0.5567968434990651
0.08383481665942967
-2.932586352388781
-0.5567968434990651
0.08383481665942967
-2.932586352388781
-0.6061892888445423
-0.16655254456255253
-2.9253788933882534
-0.6061892888445423
-0.16655254456255253
-2.9253788933882534
-0.6061892888445423
-0.16655254456255253
-2.9253788933882534
-0.6061892888445423
-0.16655254456255253
-2.9253788933882534
-0.6061892888445423
-0.16655254456255253
-2.9253788933882534
-0.6061892888445423
-0.16655254456255253
-2.9253788933882534
-0.6061892888445423
-0.16655254456255253
-2.9253788933882534
-0.9564525281251045
-0.10940678210487781
-2.794900734440519
-0.9564525281251045
-0.10940678210487781
-2.794900734440519
-0.5473374675916831
-0.06794892767048231
-2.9802036133265775
-0.5473374675916831
-0.06794892767048231
-2.9802036133265775
-0.5473374675916831
-0.06794892767048231
-2.9802036133265775
-0.5473374675916831
-0.06794892767048231
-2.9802036133265775
-0.5473374675916831
-0.06794892767048231
-2.9802036133265775
-0.5473374675916831
-0.06794892767048231
-2.9802036133265775
-0.5473374675916831
-0.06794892767048231
-2.9802036133265775
-0.5473374675916831
-0.06794892767048231
-2.9802036133265775
-0.5473374675916831
-0.06794892767048231
-2.9802036133265775
-0.5473374675916831
-0.06794892767048231
-2.9802036133265775
-0.5473374675916831
-0.06794892767048231
-2.9802036133265775
-0.5473374675916831
-0.06794892767048231
-2.9802036133265775
-0.5314563420546395
0.10865623759999704
-3.0233032432122173
-0.5314563420546395
0.10865623759999704
-3.0233032432122173
-0.5314563420546395
0.10865623759999704
-3.0233032432122173
-0.6431846336213515
-0.2811471913875926
-2.9410430972750987
-0.6431846336213515
-0.2811471913875926
-2.9410430972750987
-0.6431846336213515
-0.2811471913875926
-2.9410430972750987
-0.6431846336213515
-0.2811471913875926
-2.9410430972750987
-0.6431846336213515
-0.2811471913875926
-2.9410430972750987
-0.6431846336213515
-0.2811471913875926
-2.9410430972750987
-0.6431846336213515
-0.2811471913875926
-2.9410430972750987
-0.6431846336213515
-0.2811471913875926
-2.9410430972750987
-0.6431846336213515
-0.2811471913875926
-2.9410430972750987
-0.6431846336213515
-0.2811471913875926
-2.9410430972750987
-0.6431846336213515
-0.2811471913875926
-2.9410430972750987
-0.6431846336213515
-0.2811471913875926
-2.9410430972750987
-0.6431846336213515
-0.2811471913875926
-2.9410430972750987
-0.6431846336213515
-0.2811471913875926
-2.9410430972750987
-0.6431846336213515
-0.2811471913875926
-2.9410430972750987
-0.6431846336213515
-0.2811471913875926
-2.9410430972750987
-0.6431846336213515
-0.2811471913875926
-2.9410430972750987
-0.6431846336213515
-0.2811471913875926
-2.9410430972750987
-0.6431846336213515
-0.2811471913875926
-2.9410430972750987
-0.6431846336213515
-0.2811471913875926
-2.9410430972750987
-0.6431846336213515
-0.2811471913875926
-2.9410430972750987
-0.6431846336213515
-0.2811471913875926
-2.9410430972750987
-0.6431846336213515
-0.2811471913875926
-2.9410430972750987
-0.6431846336213515
-0.2811471913875926
-2.9410430972750987
-0.6431846336213515
-0.2811471913875926
-2.9410430972750987
-0.6431846336213515
-0.2811471913875926
-2.9410430972750987
-0.6431846336213515
-0.2811471913875926
-2.9410430972750987
-0.6431846336213515
-0.2811471913875926
-2.9410430972750987
-0.6431846336213515
-0.2811471913875926
-2.9410430972750987
-0.6431846336213515
-0.2811471913875926
-2.9410430972750987
-0.6431846336213515
-0.2811471913875926
-2.9410430972750987
-0.6431846336213515
-0.2811471913875926
-2.9410430972750987
-0.6431846336213515
-0.2811471913875926
-2.9410430972750987
-0.6431846336213515
-0.2811471913875926
-2.9410430972750987
-0.6431846336213515
-0.2811471913875926
-2.9410430972750987
-0.6431846336213515
-0.2811471913875926
-2.9410430972750987
-0.6431846336213515
-0.2811471913875926
-2.9410430972750987
-0.6431846336213515
-0.2811471913875926
-2.9410430972750987
-0.6431846336213515
-0.2811471913875926
-2.9410430972750987
-0.6431846336213515
-0.2811471913875926
-2.9410430972750987
-0.6431846336213515
-0.2811471913875926
-2.9410430972750987
-0.6431846336213515
-0.2811471913875926
-2.9410430972750987
-0.6431846336213515
-0.2811471913875926
-2.9410430972750987
-0.6431846336213515
-0.2811471913875926
-2.9410430972750987
-0.6431846336213515
-0.2811471913875926
-2.9410430972750987
-0.6431846336213515
-0.2811471913875926
-2.9410430972750987
-0.6431846336213515
-0.2811471913875926
-2.9410430972750987
-0.6431846336213515
-0.2811471913875926
-2.9410430972750987
-0.6431846336213515
-0.2811471913875926
-2.9410430972750987
-0.6431846336213515
-0.2811471913875926
-2.9410430972750987
-0.6431846336213515
-0.2811471913875926
-2.9410430972750987
-0.6431846336213515
-0.2811471913875926
-2.9410430972750987
-0.6431846336213515
-0.2811471913875926
-2.9410430972750987
-0.6431846336213515
-0.2811471913875926
-2.9410430972750987
-0.6431846336213515
-0.2811471913875926
-2.9410430972750987
-0.6431846336213515
-0.2811471913875926
-2.9410430972750987
-0.6431846336213515
-0.2811471913875926
-2.9410430972750987
-0.6431846336213515
-0.2811471913875926
-2.9410430972750987
-0.6431846336213515
-0.2811471913875926
-2.9410430972750987
-0.6431846336213515
-0.2811471913875926
-2.9410430972750987
-0.6431846336213515
-0.2811471913875926
-2.9410430972750987
-0.6431846336213515
-0.2811471913875926
-2.9410430972750987
-0.6431846336213515
-0.2811471913875926
-2.9410430972750987
-0.6431846336213515
-0.2811471913875926
-2.9410430972750987
-0.6431846336213515
-0.2811471913875926
-2.9410430972750987
-0.6431846336213515
-0.2811471913875926
-2.9410430972750987
-0.6431846336213515
-0.2811471913875926
-2.9410430972750987
-0.6431846336213515
-0.2811471913875926
-2.9410430972750987
-0.6431846336213515
-0.2811471913875926
-2.9410430972750987
-0.6431846336213515
-0.2811471913875926
-2.9410430972750987
-0.6431846336213515
-0.2811471913875926
-2.9410430972750987
-0.6431846336213515
-0.2811471913875926
-2.9410430972750987
-0.6431846336213515
-0.2811471913875926
-2.9410430972750987
-0.6431846336213515
-0.2811471913875926
-2.9410430972750987
-0.6431846336213515
-0.2811471913875926
-2.9410430972750987
-0.6431846336213515
-0.2811471913875926
-2.9410430972750987
-0.6431846336213515
-0.2811471913875926
-2.9410430972750987
-0.6431846336213515
-0.2811471913875926
-2.9410430972750987
-0.6431846336213515
-0.2811471913875926
-2.9410430972750987
-0.6431846336213515
-0.2811471913875926
-2.9410430972750987
-0.6431846336213515
-0.2811471913875926
-2.9410430972750987
-0.6431846336213515
-0.2811471913875926
-2.9410430972750987
-0.6431846336213515
-0.2811471913875926
-2.9410430972750987
-0.6431846336213515
-0.2811471913875926
-2.9410430972750987
-0.6431846336213515
-0.2811471913875926
-2.9410430972750987
-0.6431846336213515
-0.2811471913875926
-2.9410430972750987
-0.6431846336213515
-0.2811471913875926
-2.9410430972750987
-0.6431846336213515
-0.2811471913875926
-2.9410430972750987
-0.6431846336213515
-0.2811471913875926
-2.9410430972750987
-0.6431846336213515
-0.2811471913875926
-2.9410430972750987
-0.6431846336213515
-0.2811471913875926
-2.9410430972750987
-0.6431846336213515
-0.2811471913875926
-2.9410430972750987
-0.6431846336213515
-0.2811471913875926
-2.9410430972750987
-0.6431846336213515
-0.2811471913875926
-2.9410430972750987
-0.6431846336213515
-0.2811471913875926
-2.9410430972750987
-0.6431846336213515
-0.2811471913875926
-2.9410430972750987
-0.6431846336213515
-0.2811471913875926
-2.9410430972750987
-0.6431846336213515
-0.2811471913875926
-2.9410430972750987
-0.6431846336213515
-0.2811471913875926
-2.9410430972750987
-0.6431846336213515
-0.2811471913875926
-2.9410430972750987
-0.6431846336213515
-0.2811471913875926
-2.9410430972750987
-0.6431846336213515
-0.2811471913875926
-2.9410430972750987
-0.6431846336213515
-0.2811471913875926
-2.9410430972750987
-0.6431846336213515
-0.2811471913875926
-2.9410430972750987
-0.6431846336213515
-0.2811471913875926
-2.9410430972750987
-0.6431846336213515
-0.2811471913875926
-2.9410430972750987
-0.6431846336213515
-0.2811471913875926
-2.9410430972750987
