-0.9560801615401944
0.09086847876300017
-1.3932824129634651
-0.8857840273489135
0.057456012115400315
-1.467293807908081
-0.8982651883312011
0.05962951867985555
-1.4579485048978371
-0.91107529913239
0.08699861401741892
-1.3891546728529902
-0.8949608739557164
0.06275538076558033
-1.4263408819727594
-0.8493244657678775
0.09605327719816968
-1.4723407072324577
-0.8819060014866541
0.08371773746107365
-1.4019276037653379
-0.8391081454399612
0.06375461813433535
-1.452669505064819
-0.8296837382828945
0.05529823259677101
-1.4718608882598434
-0.8451647628606724
0.08263550898988159
-1.4398017136203203
-0.82689962763402
0.07175854161469161
-1.4496025636683472
-0.8007853778625508
0.08013208817606765
-1.47722867068255
-0.8121374296781477
0.05941452956394021
-1.4381708221793446
-0.748098207847564
0.06787102971560142
-1.5194585184046647
-0.7810117310979401
0.09429423656173953
-1.4715304507068203
-0.7872648886227778
0.05881429976609363
-1.444784593091575
-0.77275622258083
0.12181416411203415
-1.4742866474495455
-0.7525753137685105
0.06717285980282206
-1.4731279374485593
-0.7684296754720701
0.08551854782773195
-1.45120692801831
-0.750425380347917
0.07194608767603773
-1.4686787134453374
-0.7593450264346596
0.06848987396488002
-1.4459934194413322
-0.7089245057240188
0.07316880934744248
-1.4836294073145884
-0.7165437211413823
0.09014984049487088
-1.485043179097193
-0.7145253745067458
0.07043100891385863
-1.4613708560616914
-0.7014711717816013
0.09448255117795476
-1.4784276196819939
-0.690256614133774
0.08923513007605359
-1.475177055684335
-0.6818597829801173
0.062802304149278
-1.4714673772553741
-0.6458188564585037
0.07640790049485242
-1.5139002307939453
-0.6730313866869069
0.0884714861982041
-1.4770171725381458
-0.6515202801999852
0.07153352215408958
-1.4860762114410913
-0.6434663187769415
0.05453102872239682
-1.5114601244185655
-0.6663597618374736
0.08173818460729818
-1.4658727657765798
-0.6488595551176084
0.056412050966279104
-1.4737941910323076
-0.6163044064069153
0.07899383987378904
-1.528993033820511
-0.6875696716039184
0.07810166589012464
-1.4268362478807608
-0.6210019480692816
0.06816391593188463
-1.487066654498622
-0.5956727460585585
0.0877729281736287
-1.5147162552935713
-0.6441279686278197
0.07969188550107743
-1.4421712773718112
-0.5821967296301643
0.0741752823044488
-1.501719579262998
-0.5853212788774708
0.057931276459662756
-1.4940667403417158
-0.5740713570223698
0.07393713971714265
-1.5010519839135121
-0.5699078016289063
0.08216092452691517
-1.5000083134178934
-0.5590352593250644
0.0818321655527243
-1.4960351500428488
-0.5975387063692582
0.05534727114958035
-1.4592655477192618
-0.5680881550722153
0.03295778534549414
-1.5076050020257552
-0.5544537451042169
0.032153739137715256
-1.4937466667854982
-0.5492907337361927
0.039646644928688496
-1.5024990297489946
-0.5759832403573101
0.03431541279167463
-1.4992728944733973
-0.5736847423728234
0.054154133476924
-1.46151978550181
-0.46946283630510627
0.09524276064362223
-1.5404557437349613
-0.5957347826495114
0.07028200662638615
-1.4684371649879981
-0.5273829224712662
0.03538816589657112
-1.4858123980252214
-0.5017549699753513
0.06398918460814164
-1.5190013320058762
-0.5292157355227198
0.057788167495846754
-1.4820796195096821
-0.5215826871391699
0.06989523832379846
-1.479393202350355
-0.47902772620354095
0.03230930801180059
-1.5173647402988202
-0.5150344865756935
0.07285780426269706
-1.4778468650582166
-0.5095970071966706
0.08000839702305022
-1.4861081721128075
-0.5026823518136245
0.041062712350748605
-1.4897915643087474
-0.4797046102087142
0.01766464040320304
-1.4964192613415621
-0.4061276111529181
0.11591616597079578
-1.5471684471131404
-0.5130576019625367
0.08895054063712364
-1.4623743852514783
-0.49490615999404236
0.06749154628491758
-1.4832338299701664
-0.47615737280282383
0.09805966168963402
-1.4837422902401707
-0.5719982779557362
0.0538185052058462
-1.4030254034154794
-0.436074540664559
0.10472908086965473
-1.5052158987361084
-0.4519983052691155
0.08284499838005238
-1.4934823247748108
-0.5093033475623844
0.07583824043988047
-1.4553987272438338
-0.40211511620630297
-0.00821298951173436
-1.537503422522203
-0.4672111859946204
0.0436118063900542
-1.4822837198027365
-0.4473749248538166
0.06018962563639958
-1.4855955528749236
-0.2546953545428228
0.1136282230739306
-1.5828475199501906
-0.4393261653797501
0.05753743969879139
-1.4838158448503473
-0.4201489575021954
0.09085528394842375
-1.4849127430142461
-0.37681205295069525
0.04754729855734278
-1.5175194296037293
-0.45527510835426716
0.11912203127201154
-1.4531068095590658
-0.3965702497279681
0.11181287503895458
-1.4968269930542868
-0.429261312259239
0.10297523107313844
-1.4742434055182994
-0.33975193795874803
0.04336163189675633
-1.5226951416437435
-0.39234290290053137
0.12316579902437766
-1.4839103847682205
-0.41743802320273116
0.11985584448686529
-1.4709195886307695
-0.38197858714509625
0.048167416416003674
-1.4868238789986095
-0.37758749657060775
0.11677706325526248
-1.5196672051147677
-0.37930735459940995
0.03896111777591995
-1.476392203754093
-0.2072624800369189
0.23070728322278286
-1.5386072898022654
-0.4130004434012562
0.08230839245650631
-1.4688049602435382
-0.3695800507679394
-0.027152404926068248
-1.4780411993440765
-0.39205908971583187
0.10460910367052141
-1.4823558990793306
-0.4153520907875739
0.04969518643839621
-1.4539906252098522
-0.3321540825112439
0.06083932187506041
-1.4938402573172598
-0.2889041062871044
0.06297316897848736
-1.505926152037573
-0.36141318172166803
0.057045668760800985
-1.476276650048044
-0.35508028373360684
0.08113629429014409
-1.474844867773878
-0.36776173402340834
-0.005447397189653568
-1.4747826218639157
-0.3282213592488284
0.10094384080657008
-1.4752495513350223
-0.2987488898804734
0.06419199298417294
-1.4927994698769291
-0.3322142304922084
0.00480267886189599
-1.4923834937885345
-0.35863770958385877
0.035191600140334546
-1.4635410669029536
-0.337102861809655
0.07132342330398615
-1.4771473818806733
-0.2731655036806991
0.03270564134441988
-1.4939780006680758
-0.3759634653157921
0.08829248265555188
-1.453577760967753
-0.31521434724106695
-0.024842282028125884
-1.484462065394739
-0.31521434724106695
-0.024842282028125884
-1.484462065394739
-0.21206487396858317
0.12131093084563206
-1.5017732985096277
-0.2994523584939095
0.012742121518663229
-1.4808226338521622
-0.12837491483231053
0.1389628654747587
-1.5229280711138176
-0.29030105290918723
0.0798944353303663
-1.4765949786526584
-0.36017696734692284
0.050189311695877765
-1.4530698728209708
-0.29615298604130463
0.06439132465120126
-1.468729068218006
-0.34013074772584634
0.07950620943388732
-1.457950907305568
-0.252914318878858
0.05635459011349448
-1.4884171116361622
-0.2255386255569706
0.07710210966634733
-1.4856321060186322
-0.2255386255569706
0.07710210966634733
-1.4856321060186322
-0.2874249181304695
0.04351819927932925
-1.467592163890392
-0.2088097831023169
0.11857324933585371
-1.4831294575527665
-0.39030051348384076
-0.004037354687237722
-1.4281377908641695
-0.3057355701592348
0.04539866116947837
-1.4438331043306054
-0.1604227004237104
0.05544290450804123
-1.5062850014504081
-0.19343231304064795
0.10217624028898
-1.4851350484122612
-0.2304519427808457
0.09394035257078871
-1.4670951683554223
-0.1726186002740628
0.23050084349373678
-1.4682705927423154
-0.2002045684236427
0.029595695694694824
-1.475101920408242
-0.06116328178311379
0.17258033354928146
-1.4909173036064147
-0.1505602574387061
0.1404357838111854
-1.4788292620575945
-0.18135231163021834
0.0773637734970579
-1.4756794935399216
-0.14368582384933823
-0.020825278056074824
-1.4936770843464446
-0.24382261191968235
0.0740743275451989
-1.4506702293808562
-0.13389881923308128
0.17595335700000764
-1.481104432647745
-0.1493770086523931
0.2010968144082848
-1.4664251695284973
-0.0656427481167018
0.289665165461771
-1.4619082727332935
-0.14579475276246082
0.08454647793353245
-1.4750166783305485
-0.14579475276246082
0.08454647793353245
-1.4750166783305485
-0.23905543428263618
0.009013611824236527
-1.4516388240986584
-0.13796984327579392
0.11984505770018275
-1.4763939196004794
-0.18860449742644692
0.0444007181415796
-1.4608331430176806
-0.0883057288423876
-0.19949608363865698
-1.4841925063252195
-0.0883057288423876
-0.19949608363865698
-1.4841925063252195
-0.15354691441953147
0.05095613938061708
-1.4736978118403876
-0.1649010051970794
0.2074886832529417
-1.4768091661466358
-0.10327935941442326
0.09863571502261664
-1.46909013034701
-0.0880768560126434
0.10586635570592909
-1.4725490232068474
-0.013971991551778674
0.23834845627140885
-1.4653906093167441
-0.09128932044004018
0.11471934759484538
-1.476602651925361
-0.07041303803657607
0.09818697854003211
-1.4733794437034111
-0.029180068589470937
0.2233228851777349
-1.4744028220961072
-0.06559252195147021
0.10520350242806217
-1.4692154570824132
0.02377491308806297
0.10441344826501801
-1.470296486450739
0.0344762304225807
0.11446431063907485
-1.4816255774274854
0.0344762304225807
0.11446431063907485
-1.4816255774274854
-0.0953909011876211
0.15478316036177336
-1.4614175758483243
-0.16218354047262937
0.0070229976142061525
-1.4618128197760578
0.05907427440580454
0.12534955694929498
-1.4649717528238435
-0.0016319500911617215
0.2271682613158295
-1.4578905760888787
-0.0016319500911617215
0.2271682613158295
-1.4578905760888787
0.003942549062634738
0.22861800140785643
-1.4573989534318017
-0.032423025823847
0.2531294381578958
-1.457027940738794
-0.032423025823847
0.2531294381578958
-1.457027940738794
0.08801253431868634
0.13973344246272118
-1.460536405047523
0.07316957489135685
0.20894893233438305
-1.4688249867846828
-0.09943060293704391
0.08652674837656377
-1.4595721589383648
-0.05540392106207841
0.24616239703408613
-1.4451562971476588
-0.06996067850548036
0.1646470052011041
-1.4717927075610826
-0.14675979289256555
0.054081632723797936
-1.4596435951874656
-0.032563931290791756
-0.15278902506873746
-1.463029160031561
0.045355842208531526
0.08385514114258706
-1.4681936511292688
0.05814772569596429
0.24597473220956062
-1.4462435893151642
0.08433802948759914
0.1858743292454859
-1.4646798300849049
0.01449859287542246
0.20080508333879538
-1.4555067194067963
0.054899205167869454
0.14532885135673865
-1.4677716140667507
0.12535185556181994
0.21469535054857652
-1.4656550006286944
0.04412802665224903
0.13415665157596793
-1.4618048879910515
0.11705479007765288
0.1988979660838921
-1.4449723977505342
-0.0001858082471703369
0.199776803479871
-1.4559772089214138
0.14997776562228993
0.04354255438560614
-1.461111976614922
0.0993984601306602
0.185936797446905
-1.457800092830663
0.0993984601306602
0.185936797446905
-1.457800092830663
0.1741136066341001
0.1448777560400558
-1.4424801924578161
0.23386636907543432
0.07911506129109225
-1.47087517795021
0.11023296007512712
0.1343345775775799
-1.4583421320637306
0.11418995758005936
0.13618508312986582
-1.4581071457838823
0.024956527231618474
0.1638576930609605
-1.4806609418696077
0.0954071758952742
0.18870065422002097
-1.460168085012451
0.13499267720544322
0.13072352148102276
-1.4593281322260498
0.014858640693990746
0.3508199287462705
-1.4410742690519593
0.054259340562388465
0.12172641934895316
-1.474023832678695
0.15889049771743
0.19369982440196273
-1.4451121723383402
0.15889049771743
0.19369982440196273
-1.4451121723383402
0.16737552010017817
0.12406880700313899
-1.460464453350669
0.13040540582773139
0.05943266373690585
-1.4858225132255276
0.12891874571395817
0.1414423456281643
-1.4628683371916966
0.14950120601629144
0.0588200628883116
-1.4728617630655274
0.17048495666616684
0.10531756896801364
-1.4696071104190778
0.17385756804579597
0.14004471466562635
-1.4563854159087046
0.1534572852039105
0.15254112567941538
-1.4593062548920508
0.11119031155074796
0.27904379268985824
-1.4576322237255028
0.17202642156423695
0.1286916968503322
-1.4657642484439646
0.16970160260481387
0.1435398235171648
-1.4617667660225189
0.05874884549545374
0.27044502542100957
-1.4659594587295008
0.23481232369243793
0.11055721517429061
-1.4492309107170083
0.12337798303936078
0.1885038998343701
-1.4753067688331265
0.19565866309118227
0.13540828353058895
-1.4642124561915006
0.27333454472105606
0.08860786332509553
-1.462016404290804
0.1636112429840291
0.14304002535331123
-1.4689649882952753
0.19355489426920316
0.1475648351731156
-1.4608579487150055
0.2557214922221348
0.05224565897172584
-1.470772048988144
0.12738130947369677
0.1527778068385328
-1.4740216070759284
0.18207403456496715
0.16060448775209124
-1.4784907302286898
0.3244942922630374
0.10330565837711282
-1.4503835061203922
0.14687402255015808
0.11283045906646075
-1.4910276137585634
0.18110022354796865
0.1743446526260423
-1.4748148233056735
0.2683563534275612
0.13327059883729403
-1.456107254348368
0.2226825371173232
0.12261863177609564
-1.4745666159321276
0.22815229778638887
0.1209398723668673
-1.4749872102300852
0.2567177340680504
0.12924284706682226
-1.465257145814889
0.2896295953028647
0.12771068188461687
-1.4576320150544562
0.28453148179888393
0.11383334042452346
-1.4699108666226315
0.31967117551764407
0.13620750565127393
-1.447391063881411
0.13367179752942118
0.20844119270895395
-1.493722777015108
0.38242825328250935
0.045383226849012734
-1.446836699121871
0.38242825328250935
0.045383226849012734
-1.446836699121871
0.2147583167715984
0.15769995964430084
-1.4909658594270025
0.3665811808234857
0.08096944121198826
-1.442505144155715
0.2618169556059085
0.17289719505121592
-1.4706249439910968
0.34426688205659367
0.06558242714660928
-1.4734411015138835
0.312737715462755
0.0848854281715362
-1.4712981123523519
0.3102873932565345
0.1319425623657945
-1.468849959764801
0.28242876837740966
0.16521076557335462
-1.474334075694269
0.3116459739876957
0.12668499561121868
-1.4699798502134807
0.340833604534358
0.10977295881863387
-1.4707376420974718
0.24944196786525197
0.14976398798212145
-1.4959626426643093
0.3531111281897603
0.049160003269345054
-1.4696414753815839
0.31761860204023123
0.1600784751073013
-1.4686973338242988
0.3628976187076384
0.11786444393926507
-1.454292186326704
0.3816675919218537
0.10198878852278331
-1.45395537175222
0.33562362729626477
0.10392937787836999
-1.4735338718872428
0.3728921382651855
0.10585826110399155
-1.4612804060167057
0.43176769096570383
0.0927635212302951
-1.4460985555478132
0.36605762777148676
0.08675743911872257
-1.4739427917691432
0.401048997309079
0.10260632617658101
-1.4563979311931314
0.39188671715067575
0.08388944109865817
-1.468518392239511
0.37031321938714024
0.11376563002095097
-1.4787157324421754
0.3846600222522182
0.1179438955810911
-1.478507582119677
0.4013997412297894
0.10060004862658373
-1.4652670614250003
0.391365760119614
0.08373222843124359
-1.47763496675374
0.3860651793323108
0.10993084931756232
-1.4694217958831863
0.38162337141435254
0.10404594526212373
-1.4803269873738851
0.3939153385214717
0.10869124331446453
-1.47107479519912
0.35890598146258595
0.1250848412949893
-1.5053192085956901
0.41924087659172826
0.12634048980953405
-1.4730025937027256
0.4228554527345316
0.12424167928153479
-1.4740294320031175
0.4037080731216565
0.14559875934286937
-1.470834864431658
0.4185179663419392
0.14109743323460525
-1.488857131324756
0.4458256074626014
0.08790946494137516
-1.464175943128848
0.44063233239396254
0.12575870631286104
-1.4673803586496046
0.36371243924236646
0.2223427995730983
-1.510284134464076
0.4194481194131506
0.09864507024627928
-1.488600301788907
0.4814616281664754
0.11412286727132723
-1.4482383026466148
0.46912931458088436
0.09391583391851185
-1.470590995643466
0.45720754310235584
0.1234103866961862
-1.4717022815624514
0.5061443039856455
0.08808902300808771
-1.4495367100078904
0.46492373162305656
0.10819896905703981
-1.4752172075255143
0.4685672775429733
0.10944000050401165
-1.4759449549170804
0.5049748734687416
0.10069589197155945
-1.4667083569370183
0.521491965891265
0.10951353670046036
-1.4558264189524623
0.4786164809807617
0.10725312325458941
-1.4783954210860226
0.5372948395460522
0.08981271339426106
-1.4697654078009872
0.4862850345878385
0.10680405758843267
-1.47999209325852
0.493357023013141
0.09200380276099365
-1.4836977965455507
0.5160059742567521
0.0692024538152252
-1.4725332716240163
0.4928380882841017
0.11440940083458702
-1.4901927037997962
0.5067082950073124
0.026126882505589373
-1.482926691789993
0.5059411703104706
0.10289268847783467
-1.4835907415830045
0.5013251156062609
0.13270548460404843
-1.4973731920968687
0.5730682594999722
0.10100931898441938
-1.4503258553609093
0.548076640526797
0.10411004860595516
-1.461456321610505
0.5031787452980895
0.10000265696526904
-1.502129611983632
0.5699236292837251
0.07653228520510187
-1.4688847152074103
0.5510553075618982
0.0884325809649177
-1.483392297681196
0.5509569145887611
0.09224457416663173
-1.4793581462670313
0.5955489628608197
0.06497305969039227
-1.452866340514017
0.5683674674339751
0.11851952347825746
-1.465097406053154
0.5997336650995605
0.08491947632073868
-1.4598876496685305
0.5752498399267966
0.08105383204189444
-1.479904103181279
0.5994801251676206
0.09688490737084597
-1.4627663797774344
0.5978691963945288
0.11664074644540282
-1.4771717668339144
0.5715166469213162
0.09876277367110757
-1.5013719039837292
0.6351980633412725
0.11133806435151014
-1.4528524533706406
0.6058876869074568
0.11043337297728172
-1.4828415681801934
0.5947004724341374
0.09650106683794463
-1.4993200400537119
0.6763291231254952
0.12611401238143696
-1.4540824558473955
0.6416620694081754
0.1122600265746297
-1.4598563607018817
0.648260320381924
0.08847696410667935
-1.4765261651809556
0.6557772173207065
0.11505741139098158
-1.474183697448667
0.6779080710108841
0.09511859508079785
-1.453136448260153
