-0.559404338611451
0.08423465852702519
-0.9317119022011394
-9.870773099766192
8.164297750095924
-23.02653099810638
-0.5325769693141805
0.10163714198181993
-0.9436888177372441
-0.5338048331451714
0.08317108967974957
-0.935751862586676
-0.5304534089946885
0.08315768476223986
-0.9287771116978627
-0.5236724725411446
0.07753171649886552
-0.9343055002127735
-0.49972006262298985
0.08820844839606846
-0.9486987748859833
-0.5144860109776044
0.07601529102897013
-0.9279607657712868
-0.4857038497540483
0.08673283037227758
-0.9474914070279641
-0.5082263520368983
0.07672754760899655
-0.9289902694637441
-0.47313510636073064
0.09042288325424633
-0.9412381159565965
-0.4693592762713413
0.07438451975018133
-0.9421947050996725
-0.4743588743033949
0.08194612721207974
-0.9341794537390611
-0.4495498854845271
0.08449104198232586
-0.9512169477269862
-0.4499716718125876
0.08118294049456923
-0.942462402527072
-0.4212099987029284
0.08878959518221473
-0.9635706846510409
-0.42379751417630374
0.0772034495883753
-0.9665132532334991
-0.42686235990418336
0.0796795895917456
-0.9494903013848909
-0.40116864426806426
0.058849386999411085
-0.9743368315094023
-0.40834519739289804
0.06595824015294015
-0.955696350199255
-0.4214342063157749
0.06745294185935194
-0.9331765393906425
-0.4250085216308254
0.0715707676033236
-0.9386913673371724
-0.3859887523499473
0.055713909893485285
-0.9575305127387157
-0.4038762583034651
0.06321503838983847
-0.9410837828358583
-0.3666812901036689
0.05803325430275655
-0.9668277682135145
-0.39002660860201005
0.07383781477829134
-0.9449082678538145
-0.37771965228550736
0.07382316255839093
-0.9500753660643213
-0.3464277056788944
0.05812618280538139
-0.9713985852107846
-0.3650533358230412
0.05865761514108604
-0.9463459321144774
-0.3288361890319999
0.09189138201601517
-0.9717173588154836
-0.3526777777867405
0.06272912523771546
-0.9463771671586035
-0.3470072768779352
0.07423192810418797
-0.951468524469053
-0.36402491316089247
0.05670612598419522
-0.9426402392911982
-0.34495241599008436
0.07410400363542607
-0.9467295575016949
-0.3285224934705098
0.07238060197778226
-0.9652242029270244
-0.3259963318990677
0.06660204463961023
-0.9532486319927417
-0.31729869093554736
0.07868335208992616
-0.9525356716095449
-0.319186941866583
0.06580735856240806
-0.952108786351714
-0.3117904012344734
0.07164579888158235
-0.9574564076170756
-0.3162356348904337
0.06038901274236619
-0.9451206401183774
-0.31242975079479557
0.046218537790072116
-0.9522951221988591
-0.31531971798197916
0.04374538220344456
-0.9535553872755733
-0.3166212527963986
0.06491927622920585
-0.9361820138307191
-0.31760761479195576
0.08342384993518498
-0.9466343078921409
-0.29812833317914245
0.061048529989350765
-0.9431026687747381
-0.29152257158464767
0.05552905598713931
-0.9473080237800076
-0.23826117830595622
0.06300800779465571
-0.971933852811303
-0.31090591233936743
0.02250225648905548
-0.9478059799423839
-0.2695288659022969
0.06371740129551112
-0.9503957259982313
-0.2567316408262089
0.04966942032560472
-0.9733986653723212
-0.24630386568191248
0.0708261177731939
-0.9583754468079524
-0.2866390601336018
0.0494588092786272
-0.9366711916552587
-0.20938934416155403
0.12165994965482084
-0.9756898176386668
-0.29147801669074236
0.03715315642144402
-0.920893331433597
-0.2510529236912944
0.07014660387853305
-0.9519051353088966
-0.20723503120510825
0.09273419335319182
-0.9602638435691225
-0.2311341747674079
0.05061245544546524
-0.9630641680311463
-0.21313383893602011
0.07343946103525684
-0.9568873757332353
-0.21919852844525772
0.05967796454685028
-0.959699294358627
-0.19804569491527207
0.07882717140012137
-0.9614907326535229
-0.2119399603537686
0.055854665567685084
-0.9490875500107928
-0.20888529262868197
0.0807078479996781
-0.9582722185222069
-0.22360031997646157
0.042993850587538775
-0.9367355678192009
-0.2359557733123103
0.09435837379962783
-0.9399497107239541
-0.1843878671799627
0.05938835856509355
-0.9550127710268647
-0.19240280521646347
0.04731044745091948
-0.9560963875786114
-0.16589620803361466
0.08311346319468124
-0.9530410620505585
-0.21015757337095856
0.05657291101208423
-0.9455646119513232
-0.18668591604058216
0.044267133588577076
-0.9494978140683829
-0.163799336840374
0.0494968016224314
-0.9572142177260758
-0.14001495739418854
0.08105232873342455
-0.9611909751630506
-0.09177080140342406
0.10017404833248973
-0.9647703659437802
-0.1348260867604242
0.05893022820732907
-0.9620912479286229
-0.14050738742591637
0.07545649003535022
-0.9483974843764362
-0.15292308205527022
0.038412886904012865
-0.9571751008836981
-0.11325478729458964
0.016820283780671113
-0.9668298122729573
-0.13353053973334184
0.06420271332847481
-0.9508291139108729
-0.1457429384398408
0.046680364658491465
-0.9525843881055374
-0.10379063413457229
0.07452462252949645
-0.9559893653558879
-0.09473462196449321
0.11192170076688111
-0.9551427753669478
-0.09981724812547926
0.04115695586010416
-0.9555389308456717
-0.11533757161238911
0.055285700323048664
-0.9645083951498239
-0.10862479231736775
0.07954565481330614
-0.9492371667968715
-0.09097755522153234
0.04174130693449622
-0.9573129517565936
-0.0624063768582328
0.11221410704814766
-0.9532259994294652
-0.07612846389367661
0.0899508006244504
-0.9561380604751419
-0.06086787423288026
0.11714459397105365
-0.9545297049593118
-0.033342918714635475
0.11211357140835157
-0.953230848333758
-0.07331049842352652
0.06929450944173352
-0.9487996905169976
-0.04017230887579348
0.11831320712512056
-0.9565932150940517
-0.0483856697268764
0.13925662951805343
-0.9434336700273321
-0.05129368499881912
0.10118733054415037
-0.9463165662130719
-0.01874317977036799
0.0883518868389943
-0.9579237391410694
-0.1013581775018393
0.04366840464902542
-0.9403332779984894
-0.06166351281383155
0.03971154726137764
-0.9507272405426024
-0.03368360012610959
0.07886036877194179
-0.9587912991053074
-0.019622210971269257
0.14004415409135912
-0.9453281600058913
0.0025552378814096936
0.11335216335032347
-0.9592698157392407
-0.01417119328212415
0.08727416425571423
-0.9502266309830011
-0.01410497405239557
0.09422025887615447
-0.9509961780527074
0.008755991384461344
0.1899991629385047
-0.9367219931159587
-0.0016794401283052691
0.09122115811174356
-0.9527451774275131
0.03299044699649168
0.10756755641274761
-0.9514424643345207
0.0550997817640332
0.11082844146499468
-0.949874462003228
-0.010064222945063303
0.09241021320528393
-0.9507943600010436
-0.008702607783796988
0.028124243216102553
-0.9628104460029787
0.050799645514628865
0.12022125428177491
-0.9432012386539216
0.01873421966758638
0.07520555047818345
-0.9540885977378698
0.05188352349258567
0.12396383664459634
-0.9457548511102779
0.05922943207788147
0.1358734929657863
-0.9449732746118348
0.06515191267231628
0.15405974333248826
-0.9412919628707138
0.04626883866348017
0.075461817910994
-0.9530064282715415
0.027955622789508923
0.13727296481644177
-0.9475532373783043
0.05326003345107095
0.1193915513507997
-0.9497187428874451
0.07088132744337299
0.1030557927837962
-0.9492434964322073
0.09059067774170439
0.11223783116008859
-0.9439129656281755
0.08581594871827504
0.09716364038720074
-0.9497341380828128
0.09267978698654517
0.12322734238044393
-0.9455893636969473
0.09423472637954318
0.09794634400633034
-0.9527019052309954
0.09209656964655263
0.13385214044211147
-0.9437810948902259
0.08648422446198063
0.11752958969607036
-0.9520827620280912
0.0915157643838431
0.14393102530855947
-0.9474632317660618
0.10880198663649349
0.12429846409143906
-0.947883160721442
0.1042204132266394
0.14443246218480613
-0.9475808352718615
0.18401012246123444
0.12223772104524197
-0.9341298389693675
0.11688837816740709
0.10212521514930636
-0.9543266098447315
0.11446574523583931
0.12536973383964736
-0.9567309385687495
0.16929376079710332
0.07649902614437032
-0.9454615445643832
0.13463716135368278
0.12359602896181199
-0.9498625386023379
0.09844636987877957
0.138490270651392
-0.9607780017236321
0.13932231840559925
0.12486275593934874
-0.9525894668532271
0.14603770661894677
0.11587532366258406
-0.9507758097023487
0.18196719889035687
0.09318167995315133
-0.9463927216653155
0.17537227356253382
0.09538822501518895
-0.948819154558381
0.15535745196326442
0.09603371594732793
-0.9613577535980251
0.21250171630338915
0.08252900683332952
-0.9357037931309699
0.20861420583505777
0.0695911815621957
-0.9453097287408018
0.1870006418523482
0.09963002132160526
-0.9497079918236428
0.17607316832459352
0.13023090543415133
-0.9622396890464511
0.16759652984989812
0.1316310292345032
-0.9593561841040287
0.20174762857177134
0.10964038154081618
-0.9446328368017004
0.19077446125644845
0.10321849032295755
-0.9592368390364511
0.17672591053296333
0.11486301328365299
-0.9596030549992306
0.20260844806561867
0.0845381162660758
-0.9607486708676696
0.20736988024674946
0.10646568143200769
-0.9553741363935502
0.202381434739604
0.10859529511437378
-0.9643999561480386
0.2389666388018109
0.10214080269935034
-0.9523264963174319
0.2154900461614781
0.0870011082692931
-0.963639054188081
0.20518605812585056
0.11886342079018486
-0.9695507259804161
0.09175038534278993
0.2137798331417851
-0.9953570776725219
0.09175038534278993
0.2137798331417851
-0.9953570776725219
0.2393727001291301
0.08512258676197787
-0.9570653702557521
0.2182119995989532
0.13102859761239644
-0.9707887832459433
0.2733104876970052
0.15736588046770802
-0.9466194795780628
0.23276951164659618
0.08469713262946447
-0.9712340891092477
0.2612601105873782
0.09088048121986494
-0.9554075042788893
0.2687392534704003
0.0928516498316544
-0.957853932290385
0.26458523471189027
0.1129485821951167
-0.9617494713416677
0.278387960888432
0.12048029466212604
-0.958252892954792
0.28239520089072534
0.110548001241927
-0.9591252813399053
0.2729491307988889
0.09649542561545668
-0.968600350155858
0.2726278610466677
0.11126814909968515
-0.9673751749346746
0.31134338274527157
0.08291955402729974
-0.9469115861555493
0.3046013242376709
0.0864459204655964
-0.9563418300436088
0.29929358431582437
0.10449583011590644
-0.966263835318281
0.28388256855027366
0.11218852649794958
-0.9795883003724182
0.3249249574886045
0.11250677839741358
-0.9542792755951438
0.3147476367315995
0.09934639094221635
-0.9679208793418042
0.3224613761809392
0.09116409665548923
-0.9667314656791105
0.3281631747158648
0.1167124452523261
-0.9576076919613612
0.31794172531777326
0.12677017389611414
-0.9741675381852826
0.3288665743050926
0.12990087132749636
-0.9829947625793463
0.34966874798271946
0.11929574396543557
-0.9648396517350998
0.35564054112207977
0.10535385295892466
-0.9627457299724549
0.37656671600692804
0.10659905264221169
-0.9561742535120654
