-1.1030374459484582
0.06074026723973301
-1.8788655447081124
-1.0920865135235114
0.07161243166435233
-1.8527691038903824
-1.0772828534376067
0.05543670730412334
-1.8676390286177174
-1.0826082704461835
0.05424610077701543
-1.8473462466800643
-1.086216199201827
0.08331902028012025
-1.7979609832536554
-1.0634451673434733
0.05386014603742566
-1.8355250679138784
-1.0471826778615219
0.0614076337976188
-1.840788919603627
-1.01179637493214
0.04424756678933733
-1.8579947213330714
-1.0136841377791452
0.061903569386283865
-1.8386955901182096
-0.9126253792584242
0.022880676367431543
-1.9791849423535768
-0.9792609441089627
0.11253594357266948
-1.8570952845464237
-0.9555868955060823
0.07763853155330971
-1.8817346273482656
-0.974655037787961
0.0505596871200437
-1.8849860902404223
-0.9345216565201298
0.11248726527863928
-1.8694182414071956
-0.9417339536558121
0.03638776660487068
-1.870141751255409
-0.9028082778036259
0.01436942454122502
-1.8858841242438855
-1.0071009549499752
0.09695252732614736
-1.8229093939980554
-0.8936537331329683
0.08724664797277219
-1.8777577641533498
-0.8872548824108545
0.09114708951553137
-1.8789275548178068
-0.8711829058136268
0.03410129093314469
-1.8865215438579235
-0.8236803767604055
0.08872818085604754
-1.924420551609184
-0.7367107331526778
0.08320002788717804
-1.99623265895329
-0.8436250339696181
0.12929856989089433
-1.880201392936105
-0.7713853911958495
0.07241619031163746
-1.9645704892221798
-0.7901623419598085
0.06306023683495318
-1.9039196697652212
-0.6718880947844067
0.12183380660461414
-1.9997682226984277
-0.8308552198643654
0.0310328754458557
-1.8590739314527003
-0.7264244723846414
0.06733221649561841
-1.9559271205833355
-0.7766767961928697
0.09185248069920186
-1.9087719895062234
-0.7524489213994218
0.06557132144500336
-1.916285195707039
-0.851039023634379
0.03530552778331602
-1.8630459190696704
-0.7948315166451958
0.07330869373006509
-1.85760773525097
-0.8088123698613264
0.009298088002587974
-1.8673714160607027
-0.6920686799209133
0.09984175394537244
-1.9372003362149421
-0.7303630113253466
0.03245212589313551
-1.902875629224742
-0.7247903616828334
0.07762014620191361
-1.9113229933224338
-0.6347338084362453
0.06878770030102883
-1.9653980373343762
-0.7662358040027449
0.08514385907142089
-1.8643154818069592
-0.7172361197692088
0.08690713467325727
-1.917624010245922
-0.6761690970958337
0.008511190047046875
-1.9339654926586503
-0.6939483681233074
0.02937208909278706
-1.9012405130530148
-0.6919148062561685
0.0934414450339907
-1.9083598689298225
-0.7126667903795517
0.06355460004178355
-1.8878708515374627
-0.6848636232477557
0.084050981008129
-1.8933937115461015
-0.5577838187828457
0.03284173969350582
-1.981018809523462
-0.6146111074408181
0.03350610885286599
-1.9386001650000766
-0.7600579371663293
0.017543963116913804
-1.8378773487683944
-0.5446818661469421
0.05333339562189704
-2.0006231171334563
-0.7057706460673396
0.08461756249940364
-1.8637864193457632
-0.6886659279481266
0.05542010413202259
-1.9027957563811
-0.6494149947579905
0.09423641159254012
-1.900923211194378
-0.643965953404681
0.02656191768251576
-1.8927942094704304
-0.6516718156044164
0.09484551993925246
-1.9062135995249938
-0.6521475008258049
0.14640086496807372
-1.8732435073767937
-0.5912386380294758
0.0521368393373333
-1.9216415638513558
-0.6111490395002961
0.06311550065600413
-1.9023444518141541
-0.6881096586327932
0.08542705153105977
-1.8495168864053997
-0.6230987219274162
0.0963844362001721
-1.8939824549850646
-0.5584618520507753
0.03145777764728107
-1.9260612705648652
-0.5855807321797791
0.0580521460270564
-1.9274688184200781
-0.4667726104669171
0.047140027458153405
-1.9806670774720927
-0.6565875424227272
0.038152642729902736
-1.84366231712569
-0.4717697041215398
0.025552457898322646
-1.9625563297307378
-0.5427319705828554
0.028411336097299674
-1.9424541354113798
-0.5947694353877995
0.023026493356351586
-1.8797057266204134
-0.5522801227312458
0.11477878885362658
-1.9160439932243964
-0.5756091429006563
0.14315626713885712
-1.8932884207724683
-0.578237278900603
0.01721046335878246
-1.8920466769849864
-0.5562482873729175
0.07020833632991412
-1.9030047781382795
-0.608659828362275
0.07086241249037603
-1.863478024612751
-0.6115409834372271
0.05053174138421401
-1.88369344694522
-0.5972141582584669
-0.000447110930351961
-1.8649570018624988
-0.583056921113965
0.09752923521374839
-1.8717602917465732
-0.40166537059094487
0.04819092090593563
-1.9908724496269559
-0.5180252814704623
0.06353769459864464
-1.8924142189839785
-0.553831631104697
0.09798316872265384
-1.8772670006108532
-0.6052465586270404
0.031678192598405985
-1.864971260952024
-0.5119108326509081
-0.003053913087340628
-1.900058245732521
-0.4409886257800221
0.09017385426239583
-1.932982374994931
-0.5645140064915237
0.054994120242693005
-1.870339573897354
-0.46478828198896743
0.024486883794675608
-1.9278111104245357
-0.51721606324791
0.03548293284403825
-1.8812961157819643
-0.48410682751829665
0.05827447858424463
-1.908210773108318
-0.36781994526199874
0.1558487668788294
-1.9427523750608537
-0.5981694832260342
0.050007360583628216
-1.828829991049724
-0.712291506030488
-0.023931667966675715
-1.7970592521578417
-0.5285968673352835
0.10578123764526644
-1.8818667193398766
-0.4622247517065259
-0.006875719997419865
-1.8941022536002727
-0.5291045710422353
0.027484317840883555
-1.8874233680898567
-0.44972182063149047
0.06650637450943876
-1.9262577235760063
-0.5382449560971504
0.02554834322058686
-1.8380018733155168
-0.2547491541266051
0.20552736160828483
-1.9665190734195541
-0.39696551955071074
0.13077665295998775
-1.9030463383661442
-0.46537392085535895
0.10238364025727922
-1.8673218195428511
-0.44471112256474654
0.060938993462542015
-1.8926397909228938
-0.5553124428022516
0.04246816070167047
-1.8448552801924465
-0.3304311810456404
0.10400762238467735
-1.9426305149889955
-0.4098848367661158
0.07873501610452999
-1.885015021374455
-0.43835432464095475
0.04369223700157742
-1.879895533642504
-0.27741819218256103
0.08259895713046347
-1.9386985955106448
-0.37978215256356135
-0.014888512943472564
-1.8894698772722842
-0.38597459880990487
0.08184395837743655
-1.9049372781827913
-0.4138155190907151
0.11275343779345373
-1.8851811625579653
-0.3391138004170943
0.12457101325662928
-1.904515824959428
-0.38104551393689684
0.025555457851146112
-1.8957709696054035
-0.5399334121568421
0.07892029099286785
-1.8305651968833523
-0.3183972842396784
0.12576629834247807
-1.90329464757658
-0.50976879841542
0.05645076901157016
-1.8698466302266066
-0.50976879841542
0.05645076901157016
-1.8698466302266066
-0.36606120914087104
0.04329332549132869
-1.8996495438947132
-0.4444285267604019
0.004306989909019726
-1.8614735978856967
-0.3489938693205875
0.11542139294843916
-1.8843303635664783
-0.3047965894332247
0.09785182699762651
-1.9461858530740324
-0.405323103294606
0.05080066282131613
-1.8730379434508304
-0.3483243408751527
0.14377532734632295
-1.8863338335998867
-0.13355604487121372
0.050094378774116585
-1.9326773543176394
-0.405183010793059
-0.005037813224642081
-1.8619298532630866
-0.405183010793059
-0.005037813224642081
-1.8619298532630866
-0.296380471249291
-0.01781466823559352
-1.9001960022374125
-0.3911055497404738
0.02473021131839373
-1.8825921002414092
-0.13329641360645214
-0.10603609547054185
-1.9301683640212899
-0.37052686473543506
0.10012801338775261
-1.8703482605063833
-0.34624214704575806
0.004741903252421668
-1.8796560359944543
-0.2858223911817052
0.16618794021203762
-1.9043851205649445
-0.23838123828459973
0.05440627903477317
-1.9001562833691235
-0.23838123828459973
0.05440627903477317
-1.9001562833691235
-0.2942983144575243
0.06627436712080435
-1.8900372359547675
-0.05116914898916895
0.32864449065604734
-1.908259898825438
-0.2786268971083597
0.06921866097477407
-1.8903821642558811
-0.3133176575228245
0.16585978119563322
-1.870914450235995
-0.08064669222451401
0.19332292814981675
-1.9022544775266013
-0.3469968790988391
0.09931915733634004
-1.8604404072008986
-0.24674341008416814
0.06792935063140391
-1.8911182283448997
-0.32275496067138315
-0.008420248221805746
-1.868626671595315
-0.23054103097428838
0.06359359388835845
-1.8915083951714955
-0.33785748949844224
0.03944386753591614
-1.8559500824811832
-0.09934689361717937
0.17118944911055486
-1.9067854229011052
-0.3002125010057333
-0.01572248755137584
-1.8690261013999367
-0.19988840617608405
0.059696216933096714
-1.8921870176831534
-0.11617248923159111
-0.13914809105642903
-1.889812375027172
-0.30570565696166696
-0.021847894287377722
-1.8587865837546034
-0.07192107268020383
0.20259478979540488
-1.8985575059090005
-0.2540031156732832
0.06606077965922598
-1.8781579131562307
-0.3070199529336158
-0.14882193189669687
-1.8739701736125698
-0.04386079563936395
-0.30725704441400603
-1.8704115710655778
-0.04386079563936395
-0.30725704441400603
-1.8704115710655778
-0.04386079563936395
-0.30725704441400603
-1.8704115710655778
-0.249939331864745
-0.033286009501402
-1.870284364050272
-0.17707855727668628
0.03206196736988856
-1.871758175186484
-0.1051099515723798
0.06377814778020773
-1.8936059119776798
-0.3531173159358108
0.06969715219153447
-1.8523163754737815
-0.25334777417052023
0.02212076344325329
-1.8620848238467012
-0.2434373445553249
0.10049414250479703
-1.8652391523600245
-0.1439611174912688
0.19571992835313795
-1.8795041442577767
-0.06877818340705386
0.3472511321220885
-1.8521449951127582
-0.06877818340705386
0.3472511321220885
-1.8521449951127582
-0.0660940667256374
0.42555832179312814
-1.8487139295855826
-0.0967107797137384
0.3837099222572943
-1.8330873272314505
-0.03160088351855987
0.0647620490650506
-1.8940179302741096
-0.03160088351855987
0.0647620490650506
-1.8940179302741096
0.2592212538825221
0.17608295226913911
-1.867420250696437
0.2592212538825221
0.17608295226913911
-1.867420250696437
0.2592212538825221
0.17608295226913911
-1.867420250696437
0.16346582867576862
0.1853037173402996
-1.8716725295318983
-0.08371150872264788
0.15328696512459358
-1.8734870284330978
0.03271657382306768
0.32247461289504575
-1.8488048618261088
0.03271657382306768
0.32247461289504575
-1.8488048618261088
0.03271657382306768
0.32247461289504575
-1.8488048618261088
0.03271657382306768
0.32247461289504575
-1.8488048618261088
0.19065096922384317
0.14111977036445247
-1.879994880633389
0.04352162852262416
0.31737281493835656
-1.8511633864814514
0.24300786240546612
0.023208570272038882
-1.8426573057379094
-0.0560992456621441
0.3085238566017986
-1.8535555709502192
-0.0560992456621441
0.3085238566017986
-1.8535555709502192
-0.044253747769190534
0.13836184114787353
-1.8804816899026262
0.036870869491419
0.22669515548965702
-1.8683064262885616
0.036870869491419
0.22669515548965702
-1.8683064262885616
0.2247606853872057
0.1932303887999278
-1.91036482948839
0.2247606853872057
0.1932303887999278
-1.91036482948839
-0.04342455471440738
0.28691906082158386
-1.8641765591522752
-0.0417835536285212
0.18930807708371694
-1.8784643290839302
-0.0417835536285212
0.18930807708371694
-1.8784643290839302
-0.0417835536285212
0.18930807708371694
-1.8784643290839302
-0.06643370297695492
0.09951525003777878
-1.885032066490815
0.05164958983190448
0.30581156179825025
-1.853078594545506
0.12256369036912909
0.1591820467531793
-1.876851769532591
0.03654757227387945
0.2273164690874114
-1.8676144470786844
-0.02339602372001954
0.3687384390812884
-1.8619122504081353
0.1851995642632844
0.31272606367535133
-1.8323503270611412
-0.024863744445419743
0.22459256664562163
-1.8666887591731811
-0.02832298629927471
0.45206958067212455
-1.815107941762479
-0.01782475377892274
0.20908734899404025
-1.8722577464881371
0.07546586963743349
0.3446328308271938
-1.8514230820458333
0.14052024432779234
0.12272150292225388
-1.894635423999521
0.21850094844619922
0.08502042273685397
-1.8457992979039515
-0.013765298423075004
0.31850252038679205
-1.8653160464715635
0.10105120227724375
0.17447222661286593
-1.8858169539476624
0.10105120227724375
0.17447222661286593
-1.8858169539476624
0.009785846749632688
0.12859779433642085
-1.8934059095067737
0.18819423481299427
-0.0016338645957254562
-1.8767383364757906
0.18819423481299427
-0.0016338645957254562
-1.8767383364757906
0.31829471153503164
0.0511989525214042
-1.8679738677645057
0.17442610433899575
0.2913388735468799
-1.8546587513718664
0.17442610433899575
0.2913388735468799
-1.8546587513718664
0.17442610433899575
0.2913388735468799
-1.8546587513718664
0.07639656851442188
0.31622986954030335
-1.8854376822745442
0.015492203256434085
0.22242406011110546
-1.8837194737566976
0.22859223356475866
0.1892706645656051
-1.8695209783711249
0.033916707920540586
0.2875718575396143
-1.8785103970444357
0.17698268444646764
0.18867281570680783
-1.8821503936891675
0.028638910643886094
0.17194130093749516
-1.8985111867280078
0.1483345973797565
0.31043289668568236
-1.8707717000357797
0.39211616623467765
0.04477277901507345
-1.8458706071261382
0.39211616623467765
0.04477277901507345
-1.8458706071261382
0.39211616623467765
0.04477277901507345
-1.8458706071261382
0.26044489630245204
0.1277434060846208
-1.8762630075163964
0.26044489630245204
0.1277434060846208
-1.8762630075163964
0.26044489630245204
0.1277434060846208
-1.8762630075163964
0.1899280426912441
0.18213428176438842
-1.8778344502366502
0.14372371488004684
0.17552119716652625
-1.912821706089789
0.013844602571024085
0.47574770356520196
-1.8617781599202643
0.013844602571024085
0.47574770356520196
-1.8617781599202643
0.14106395103043046
0.25504576861686235
-1.8903728935286717
0.14106395103043046
0.25504576861686235
-1.8903728935286717
0.21691647412886927
0.06865917494636804
-1.8923223440474424
0.24195691840158975
0.1564237759011358
-1.9087097338102748
0.39996186309899134
0.12100010991078436
-1.8676668378822034
0.2453736585069936
0.2921584441199046
-1.8770748598071132
0.3425339144760631
0.01444004466174009
-1.911738085947026
0.18842396837917566
0.1557103081182524
-1.9002564532499997
0.1845520029247315
0.2050248097265086
-1.9112860822893234
0.26461640738072995
0.2765678560433625
-1.8856803004064489
0.21312827542370716
0.14156758702426414
-1.9040965217212544
0.27730069157776
0.21902985219929078
-1.8821196629593648
0.16830381738157438
0.1768148162802928
-1.9113614993296295
0.16830381738157438
0.1768148162802928
-1.9113614993296295
0.22713034571320084
0.17063260403627367
-1.9024112111011764
0.2568897537229248
0.12911979503716117
-1.9084566584331837
0.26458338051017094
0.11534002134962995
-1.910861031040886
0.2409959556360034
0.16129139683813948
-1.928367949913859
0.133496102867733
-0.00016670867429233527
-1.9516636275269947
0.28278700550294916
0.0420632058508068
-1.917474459597767
0.14403295035385336
0.26844413175598486
-1.9319494474296834
0.1844234816220753
0.22307978149303656
-1.9282830843437702
0.19010847518129895
0.055657026174879026
-1.9528004407982713
0.3756981256284758
0.1077231829193988
-1.8832351569590597
0.4600175505428854
0.08812254621567518
-1.8684475835638514
0.3274396386492639
0.09388214873964797
-1.9178669468197684
0.22420824863717706
0.15266518485624248
-1.9485491590845985
0.4110934618996692
0.12223864786561749
-1.8893724341470621
0.34722271844212554
0.08971719225995997
-1.920155883916918
0.29866718829283767
0.22056247155334202
-1.9082508335088861
0.4878512311233179
0.08598989946304703
-1.8718362004235805
0.4878512311233179
0.08598989946304703
-1.8718362004235805
0.3336504706625838
0.12330976052117618
-1.9243184923040482
0.45925190576943864
0.18345927273039503
-1.8792369094097638
0.27848075804071143
0.11826602758475188
-1.9376544078856592
0.3288812673966428
0.018741484381005678
-1.9374761873310629
0.3895454197653735
0.03993609808372599
-1.9283744920167185
0.33427816059279647
0.20025670878604424
-1.9202723842504608
0.44718839388751835
0.09345808727553896
-1.8942773253773098
0.38448277145479975
0.13197070563716065
-1.9130863775869866
0.3318006708127512
0.24724449014834757
-1.9355497089649114
0.456788013061999
0.09257246033036434
-1.896071838659587
0.44605992565335556
0.14228988646153762
-1.9030901080749143
0.41845578588697757
0.07829454643266409
-1.9094780798154827
0.5381403063342998
0.1547121172712783
-1.8620512491323877
0.4713348389680084
0.09133917275666997
-1.8989953425637733
0.337564438357979
0.10426649378914779
-1.948251435775285
0.5171046751386306
0.046083801606036194
-1.8804261492007452
0.40064894340825125
0.10374406424545321
-1.9169178030666068
0.4054710849512292
0.10726173635499987
-1.9390553889688407
0.4714550060566568
0.14045042653279277
-1.909169429992184
0.449119755461445
0.13973937165562988
-1.919086044577211
0.6023356672075144
0.12506491121660215
-1.8916021732910486
0.45552655218333127
0.19677357014531469
-1.9076298978247548
0.3378293888189068
0.13649967205546212
-1.9554847210160013
0.5133482882531104
0.08332694399850213
-1.912249900296588
0.4650371173302416
0.19419110236600728
-1.9107352640805986
0.5221829869495129
0.15735208427247893
-1.893914540347697
0.48198112211821426
0.1428825603271077
-1.9086878401154952
0.4860904569245562
0.05421042644844735
-1.927582164248479
0.4141184782600753
0.16740310300524927
-1.9453825597048833
0.44837561100542356
0.10743246445348466
-1.9479421190029098
0.5662196013050286
0.13551121169146058
-1.8802598189285054
0.41083507369371397
0.161374755691034
-1.9638433013329746
0.4235395517296899
0.0725851264221277
-1.969593768844994
0.4104985020998298
0.08516098078612835
-1.963711971499193
0.448762876508092
0.15709090542874707
-1.9572169304944476
0.5355863168666447
0.1083729106993774
-1.9118749233234396
0.3399162814876672
0.18869982797288784
-2.002053943308875
0.4741231727841512
0.10476514339180899
-1.9534300338279573
0.5050040360761078
0.18678163094375597
-1.9221765185965745
0.5496959073680443
0.08654674954587546
-1.9162044937501144
0.534730545026132
0.13203286486156282
-1.925463758797625
0.584875792732574
0.05802282226323548
-1.910847451523839
0.5530517232328618
0.13479572274932441
-1.9339032208016835
0.49246092568348004
0.12635238714115635
-1.955047165704318
0.5684475965054943
0.08652002529344223
-1.940343447239043
0.5885662410586382
0.16069132985078208
-1.9135695072473835
0.4614627078726647
0.08919586913856226
-2.0173111524402114
0.5738144756741397
0.08546194954000387
-1.9202084951516192
0.5420601420944923
0.06746180684906454
-1.9543594770040857
0.6156235630347179
0.12206654779209633
-1.942494074020801
0.5491869252606462
0.14840144050902204
-1.9373803741699287
0.5868884486074433
0.10526804212039076
-1.9203911605498487
0.589437140094438
0.08479974286677981
-1.9221441115853461
0.6120516152598079
0.1593051320055527
-1.9172010740338694
0.5998747157349399
0.08729912273820781
-1.9441956233241076
0.5998747157349399
0.08729912273820781
-1.9441956233241076
0.6216302811071882
0.15795172787318953
-1.9184412584439638
0.6469553897210643
0.11544022525474676
-1.9165770910119901
0.5736144915235624
0.17406759574413935
-1.9569683756761187
0.6137902384765251
0.0859083240708563
-1.9239538201791755
0.6573873235088052
0.12569596192562799
-1.9165555184520613
0.4381175115131062
0.09819320954599654
-2.0411543912750343
0.6057491030508454
0.13001903229071726
-1.9722383173984692
0.4322600494129475
0.1429677602892662
-2.0510442207085644
0.5820206750559039
0.09924587655067708
-1.9718475926878984
0.6482437643267868
0.06936150077691029
-1.969789583824404
0.5587151978693753
0.08414547969771703
-2.007498362917104
0.7032869142724075
0.08773359286198444
-1.9053810564920453
0.6963215675286079
0.11594843890182077
-1.939858269032199
0.749967533426054
0.1028625723681066
-1.886672431810124
0.5616311612442345
0.1295255952426043
-2.019056891531768
0.6833921007231658
0.14772754294100066
-1.9218119006811398
0.7266971048111125
0.08466915650146169
-1.9048175599717836
0.7122171893649811
0.11024205198672755
-1.9323008504413546
0.7078754417875558
0.056020857386412735
-1.9303931507108112
0.676099281018437
0.12041518103522633
-1.9575798794674968
0.7343038239567453
0.10604109724995206
-1.917273783402277
0.7112861756473973
0.08241514492361393
-1.9521509405637776
0.7407737313298757
0.12247439171212446
-1.9289059347056134
0.7679878081794896
0.07752052713814692
-1.923893571739249
0.7344019267468845
0.09201906225292081
-1.949309591521098
0.7297231885042392
0.09362469319430652
-1.9411642613883093
0.7663223429796041
0.10420024329238456
-1.9143078763129513
0.7779333404853487
0.10557370052781159
-1.9127353348383727
0.7772250145015527
0.11619251134672033
-1.9254554383877243
0.8314575889820148
0.17560797222706234
-1.9086841171466182
0.8681522269261264
0.09840941371801336
-1.8441793487920333
0.7342969272029362
0.09853685274287993
-1.976246293455123
0.8118192104877193
0.11419090426072186
-1.9204365745704748
0.7996623759901437
0.13218901032106858
-1.9252864016905238
0.7620887718604655
0.15676695518452805
-1.9632397429335153
0.818723956801878
0.08881097491597388
-1.9373734686845803
0.840639023583265
0.05639736434160018
-1.9207490131010618
0.7432369651757345
0.09945033630791392
-2.0199846557146697
0.8589130582079045
0.05848787497909487
-1.9169605486914794
0.8317534788404305
0.11627182258637041
-1.9370797162991147
0.8833534611011394
0.11283310929836202
-1.9201796601377579
0.6867924958758354
0.1846107534202625
-2.0888264495627875
0.8411711317389243
0.08905126959727168
-1.9430528715729372
0.8584817628716215
0.06085766990775722
-1.9405485759696264
