-1.5176297317178673
0.0870322257615412
-2.9063399454433996
-1.5176297317178673
0.0870322257615412
-2.9063399454433996
-1.5176297317178673
0.0870322257615412
-2.9063399454433996
-1.5073104024771407
0.08752982354430168
-2.9088788212708385
-1.4425785362863774
0.03344624322292009
-2.9464568859903464
-1.5271391453316754
0.04655124921117204
-2.869455879441464
-1.524197394378199
0.14313322438359094
-2.8618376513075745
-1.5658716763054856
0.0885964126830776
-2.843923019825305
-1.4636499046890035
-0.02684831826900053
-2.8981653049738436
-1.4325335538122184
0.15710009578365997
-2.964030269637981
-1.3926909605096125
0.10573175094051777
-3.0173764103217877
-1.5388230794743765
0.084362951309849
-2.850594879856743
-1.4039736000913823
0.0529079489422973
-2.979881252354167
-1.5260829820643065
0.08960461631457171
-2.853247613399054
-1.393615209616379
0.160645255171815
-2.971521314382983
-1.4588550923940447
0.04885061008660958
-2.8848299066083505
-1.4575715925733908
0.14795609470503907
-2.8759670057617526
-1.4934962425783904
-0.014204719072858623
-2.8634772779466546
-1.4341918045986486
0.048712465622980816
-2.889475943540044
-1.4356431333576025
0.03277060509441683
-2.9191563753394276
-1.4760280071187
0.18532441589502097
-2.850065879298961
-1.3237424241759654
-0.08696140231634351
-2.9917713554938876
-1.4564198925691676
0.0913291779254769
-2.8662353952100825
-1.3093055970177443
0.03692455611506411
-2.9952399482238694
-1.4318162386951874
0.08511118734013579
-2.8407590014838013
-1.301756030186972
0.17475400403542463
-2.983829361973597
-1.3208643251788854
-0.031870228934659225
-2.9232535218426756
-1.3862903354360976
0.04746216957819301
-2.9187594284333103
-1.3613234033659853
0.030303723991333
-2.8992214960947513
-1.3189140619345836
-0.015631397468548164
-2.946001902331783
-1.1442491585626824
-0.1021289912146713
-3.103378140334921
-1.3398344494969383
0.03051542303926267
-2.900971149212387
-1.4206216399259606
0.02771565957031683
-2.8331991148505034
-1.2461761894727486
0.16327027046403797
-2.988731348032796
-1.330920533408431
0.034671353856662826
-2.9311914299050748
-1.2052267944880326
0.033573808039332076
-2.9819793103665884
-1.2144763082489374
0.04315233968016618
-2.9721049360409624
-1.3066643563627567
0.023687847347613387
-2.90223708282818
-1.14454739529069
0.12268064809832194
-3.0535665350031924
-1.2967067658055842
0.030893336811068407
-2.9022547985357425
-1.2985321268879204
0.15969748109717485
-2.8906694928325036
-1.2865718909307369
0.03513553035018473
-2.9029076930373616
-1.2459192625251192
0.105609307241072
-2.9418001764230715
-1.2846724903336617
0.15836627461665378
-2.8902611508612948
-1.1836170806861146
0.16550985568326734
-2.987778492245749
-1.2081789596104795
-0.03429468963298586
-2.926588562419907
-1.0393086007803654
0.0453810786607507
-3.0727548050505438
-1.2986013531845924
0.09738514487158707
-2.8526334981184185
-1.1347338738017656
0.0357644849193977
-2.980056061936935
-1.3026133751540865
0.09413104009369767
-2.8429794196121767
-1.2090038541496377
0.10485916929590414
-2.938605752725417
-1.2504856327813723
0.15507376467474407
-2.886487107572049
-1.199365095643923
0.10529923211778434
-2.9371756684669243
-1.142334632176433
0.17018994546177627
-2.9512695503358404
-1.1936021620878958
0.10059224539251409
-2.936530253855902
-1.0755969800595366
0.1271316229189227
-3.0348992380518154
-1.1865252423941
0.10339060688376357
-2.93504773468419
-1.002642206303442
0.1979860802241254
-3.0793195364281165
-1.2166967249330445
0.029070253762438512
-2.8938346615689645
-1.0414814575880966
0.12074982160716695
-3.0121270038028465
-1.1533785619921826
0.11000633332506715
-2.912316053852746
-1.02598307304634
-0.02093172525621806
-3.0177666726866286
-1.1620419936580244
-0.03574820010263769
-2.9662830535341556
-1.137324189333883
-0.03518831300805871
-2.915384192463107
-1.137324189333883
-0.03518831300805871
-2.915384192463107
-1.0186141231501302
0.12751783741762793
-3.0062779340919037
-1.0835104547745724
0.03939590950162308
-2.9567646777307233
-1.2109117694117135
0.028100951071936883
-2.9355938381824185
-1.0763084706730377
0.04026211170606163
-2.923718390656067
-0.9975191602071843
-0.05033920840502504
-3.0100215473374217
-0.9975191602071843
-0.05033920840502504
-3.0100215473374217
-0.9975191602071843
-0.05033920840502504
-3.0100215473374217
-1.0956788342417152
0.10083672257350171
-2.8827977422315656
-1.0791010180644676
0.06141451225124054
-2.970014984262014
-1.1047826519655148
-0.041803884971860716
-2.9056544129305997
-0.822984691410457
-0.11356030542714503
-3.164638626567816
-1.0517134289023649
0.03353779586246725
-2.947354489938916
-0.7632609827004299
0.2570061714453071
-3.1551213231112283
-1.0401109108860915
0.19365378278684175
-2.9080526321334195
-1.0419903374653652
0.05314673721979711
-2.943993165777721
-1.020221232666828
0.039252443378182546
-2.9235542957060807
-0.9022297775666834
0.23405530703651645
-2.9977255306439514
-1.0806293938780198
-0.03522093126289682
-2.8986779960799995
-0.9319616495198889
-0.030665546114363573
-2.9782963988510867
-0.8904601332451494
0.025936143382747
-3.129916607366953
-1.1178345945740764
0.05098718254430811
-2.8520272785514633
-0.6940344286534142
0.0682102440835377
-3.1413980668408663
-0.9999110857021145
0.04245052487272433
-2.917282538779099
-1.0684460234748028
0.1294197384863364
-2.88596179166739
-1.0127854341009692
0.03875275261882457
-2.9350226579424032
-1.0641918681641631
0.11215139736375435
-2.8853468066865315
-0.768844740871602
-0.052047676520485434
-3.0570403984944234
-0.9375698037403902
0.1344067783106677
-2.948186546816039
-0.9432332639199603
-0.043463358376243745
-2.975186191448077
-1.0459379281973546
-0.03945991709556571
-2.8876167303505267
-1.0459379281973546
-0.03945991709556571
-2.8876167303505267
-1.0459379281973546
-0.03945991709556571
-2.8876167303505267
-0.9866460798495048
0.06340207831528835
-2.9269227717306108
-1.0601494694608937
0.24124811423713766
-2.853066156697138
-1.0601494694608937
0.24124811423713766
-2.853066156697138
-0.8389273564345517
0.24846205868409998
-2.976279441496254
-0.8888076907742781
-0.045142741414385734
-2.980901104758101
-0.4820494049746508
0.47996848621127847
-3.1076277791633244
-0.4820494049746508
0.47996848621127847
-3.1076277791633244
-0.7191483438909871
0.22161875427553918
-3.0620051953339686
-0.8949197804864064
0.13860506194177785
-2.93626280483185
-0.9730527845002734
0.21316863196720914
-2.9298787851900885
-1.0076744033298504
-0.04421593026188908
-2.8772953595207973
-1.0076744033298504
-0.04421593026188908
-2.8772953595207973
-0.9484159158498481
0.041311443370967454
-2.917928028045511
-0.6683240421693747
-0.019994954796528335
-3.077409282602992
-0.3596717278869794
-0.1813219608616514
-3.1731013008033915
-0.5378852382865239
0.10065323505552952
-3.0950275559496436
-0.5378852382865239
0.10065323505552952
-3.0950275559496436
-0.5378852382865239
0.10065323505552952
-3.0950275559496436
-0.5378852382865239
0.10065323505552952
-3.0950275559496436
-0.8321503728813024
-0.056547310024017215
-2.969121367422087
-0.9158275212374589
0.050262892177257455
-2.9433655483885466
-0.9770152209324394
0.11801358645077527
-2.8634350824449366
-0.9770152209324394
0.11801358645077527
-2.8634350824449366
-0.8901449177795068
0.048430081197395475
-2.891916309525457
-0.8901449177795068
0.048430081197395475
-2.891916309525457
-0.7166002949715192
0.06450793497800272
-2.9887355537297533
-0.7166002949715192
0.06450793497800272
-2.9887355537297533
-0.7047596925163094
0.0652925400672111
-2.9872988392455095
-0.8916040676195528
0.04407068161606904
-2.9080260852830295
-0.8916040676195528
0.04407068161606904
-2.9080260852830295
-0.6086671557576903
0.19546877515993882
-2.9915387812596603
-0.8780503853004833
0.043961958860535416
-2.906267420632362
-0.41629569330523386
0.3758258326388353
-3.0658204105773272
-0.870111664649335
0.043888324952957226
-2.905329999442751
-0.9211530230886666
-0.044446035627421825
-2.863669698043462
-0.664556908577484
0.07237470256491879
-2.9830701790173486
-0.664556908577484
0.07237470256491879
-2.9830701790173486
-0.7823682699916698
0.11785943343094779
-2.918452537196608
-0.9053248142686238
-0.04282499418292555
-2.862407599752561
-0.8282838514432201
-0.1138320892676019
-2.880699527488963
-0.7550897946301192
0.1364276415035509
-2.9474227427336506
-0.6289998775315283
0.07970590431955311
-2.9800993855496256
-0.6289998775315283
0.07970590431955311
-2.9800993855496256
-0.6289998775315283
0.07970590431955311
-2.9800993855496256
-0.6289998775315283
0.07970590431955311
-2.9800993855496256
-0.817192285815404
0.04649539720139493
-2.9005968609945776
-0.817192285815404
0.04649539720139493
-2.9005968609945776
-0.817192285815404
0.04649539720139493
-2.9005968609945776
-0.7289136253164921
0.16880459717547583
-2.9096534178473354
-0.7289136253164921
0.16880459717547583
-2.9096534178473354
-0.9511603481709291
0.17159316155481927
-2.788173073264912
-0.6563812860292769
-0.11510085807608678
-2.9876486865850813
-0.6563812860292769
-0.11510085807608678
-2.9876486865850813
-0.7569565239662004
0.052586247345439895
-2.880442969165654
-0.5512310034055116
0.08298484455793537
-3.0288856818245087
-0.5512310034055116
0.08298484455793537
-3.0288856818245087
-0.6707170615919674
-0.05374812401607868
-2.9199469861071514
-0.5290184267965422
0.07017782631872571
-3.028675826640528
-0.520327635658021
0.08137512633151633
-2.974956191640033
-0.7267538062041214
0.05350947035673654
-2.8795238259043328
-0.7327661475634251
0.04229995519336418
-2.929006794008298
-0.3981256632656567
-0.07248584120904643
-3.0110069405546707
-0.7589485430706662
0.05884485645328415
-2.9132319934103896
-0.827862713915994
0.13366607512270243
-2.8649118122853388
-0.8227175710248704
0.10344493564649754
-2.8665985301826944
-0.783457090835704
-0.06810489539538819
-2.8553194064539413
-0.5857970456501841
-0.025796908973353672
-2.953839382393834
-0.8129387993167643
-0.20604721482595426
-2.883513674404973
-0.7681864498736986
-0.03850131283095346
-2.8557185117373707
-0.7681864498736986
-0.03850131283095346
-2.8557185117373707
-0.7681864498736986
-0.03850131283095346
-2.8557185117373707
-0.7681864498736986
-0.03850131283095346
-2.8557185117373707
-0.574874107865066
0.16597282405442043
-2.937786878707678
-0.574874107865066
0.16597282405442043
-2.937786878707678
-0.48451018548935976
-0.3048204311495313
-2.953679786177891
-0.6458062611212573
0.05168234207709645
-2.9284067820792146
-0.20720403995854053
-0.3427415746508524
-3.006109433545713
-0.20720403995854053
-0.3427415746508524
-3.006109433545713
-0.6248013585314285
0.04502312553602639
-2.928575798177605
-0.6248013585314285
0.04502312553602639
-2.928575798177605
-0.7066407087204076
-0.08334259937123976
-2.85465736892704
-0.6736702099565283
0.23516631768903734
-2.8648230625992412
-0.6736702099565283
0.23516631768903734
-2.8648230625992412
-0.6179602580223108
0.020245924207423906
-2.8956887953287653
-0.957194738819589
0.02412607431165396
-2.8316505337293267
-0.5782784173129545
0.04619184632876575
-2.929162863282581
-0.5782784173129545
0.04619184632876575
-2.929162863282581
-0.5782784173129545
0.04619184632876575
-2.929162863282581
-0.318118996020099
-0.03132490191069095
-2.9846617271408826
-0.45569286762929795
0.2535764529262509
-2.9255897219194953
-0.06586583816460707
0.5322484373741189
-2.933846941653989
-0.06586583816460707
0.5322484373741189
-2.933846941653989
-0.06586583816460707
0.5322484373741189
-2.933846941653989
-0.06586583816460707
0.5322484373741189
-2.933846941653989
-0.06586583816460707
0.5322484373741189
-2.933846941653989
-0.4614669143391425
0.22456980979213753
-2.9442532333838773
-0.4577958483669083
0.23495743533655866
-2.94239736203256
-0.4995041811091522
0.044411061778666217
-2.930718628705978
-0.48926692192317345
0.04088336401025445
-2.930966587304348
-0.3361187948920209
-0.21153591935028487
-2.9392782686673073
-0.1310318820797607
0.2500838442587053
-2.996265573332599
-0.056517188508036414
0.5954928277979266
-2.89678228880397
-0.056517188508036414
0.5954928277979266
-2.89678228880397
-0.056517188508036414
0.5954928277979266
-2.89678228880397
-0.056517188508036414
0.5954928277979266
-2.89678228880397
-0.056517188508036414
0.5954928277979266
-2.89678228880397
-0.056517188508036414
0.5954928277979266
-2.89678228880397
-0.056517188508036414
0.5954928277979266
-2.89678228880397
-0.056517188508036414
0.5954928277979266
-2.89678228880397
-0.056517188508036414
0.5954928277979266
-2.89678228880397
-0.056517188508036414
0.5954928277979266
-2.89678228880397
-0.07354419897648437
0.3529611768639638
-2.9676637521925935
-0.07620889630935648
0.35037096453971783
-2.9146778662452073
-0.5699551033912286
-0.1041706112262708
-2.871210029405564
-0.37568777853887264
0.02411616363666352
-2.933752287184915
-0.23576487043650843
-0.3113585962058794
-2.9174681675706693
-0.23576487043650843
-0.3113585962058794
-2.9174681675706693
-0.5527802798161265
-0.111354911484329
-2.8709182652679175
-0.22752813333297028
-0.3298897431794168
-2.911681364964051
0.0640458747878278
-0.6840234126467302
-2.895216719221791
0.0640458747878278
-0.6840234126467302
-2.895216719221791
0.0640458747878278
-0.6840234126467302
-2.895216719221791
0.0640458747878278
-0.6840234126467302
-2.895216719221791
0.0640458747878278
-0.6840234126467302
-2.895216719221791
0.0640458747878278
-0.6840234126467302
-2.895216719221791
0.0640458747878278
-0.6840234126467302
-2.895216719221791
0.0640458747878278
-0.6840234126467302
-2.895216719221791
-0.27910599461593233
-0.5432431711199442
-2.8585489679689777
-0.27910599461593233
-0.5432431711199442
-2.8585489679689777
-0.27910599461593233
-0.5432431711199442
-2.8585489679689777
-0.27910599461593233
-0.5432431711199442
-2.8585489679689777
-0.27910599461593233
-0.5432431711199442
-2.8585489679689777
0.18740094162700624
-0.40222499791323596
-2.8875905464099816
-0.23229363873729952
0.04363822198989688
-2.9365687123444237
-0.3927463887421485
-0.3321913236948481
-2.8808471262908797
-0.21644688390055458
0.03175487531150188
-2.9368929351928097
-0.21644688390055458
0.03175487531150188
-2.9368929351928097
-0.20093339027997442
0.036386568966313315
-2.9370794029295326
-0.1930024723298595
0.03244434411916033
-2.9372095187769625
-0.6094002873846595
0.23405206525935027
-2.860729957503914
-0.6094002873846595
0.23405206525935027
-2.860729957503914
-0.5511815911934103
0.007603072974129034
-2.8926235032441348
-0.16179682423890127
0.03778024601290923
-2.937516039508599
-0.5726072223892114
-0.027596429350360253
-2.8579034277950073
-0.5726072223892114
-0.027596429350360253
-2.8579034277950073
-0.5726072223892114
-0.027596429350360253
-2.8579034277950073
-0.5726072223892114
-0.027596429350360253
-2.8579034277950073
-0.5726072223892114
-0.027596429350360253
-2.8579034277950073
-0.11916968599109266
0.04416592546450278
-2.937760786204451
-0.18318235447869394
0.43916775779794726
-2.8696545632833352
-0.18318235447869394
0.43916775779794726
-2.8696545632833352
-0.09971986861992753
0.03610183615657989
-2.937910429218615
-0.554466750522847
0.03753304633845412
-2.8594135828642058
-0.554466750522847
0.03753304633845412
-2.8594135828642058
-0.554466750522847
0.03753304633845412
-2.8594135828642058
-0.5087059453903389
0.0020678388756439968
-2.8468814566536955
-0.5087059453903389
0.0020678388756439968
-2.8468814566536955
-0.08878920791133692
0.5069194577071342
-2.845025738230072
-0.22349910162568817
0.39892343069815034
-2.8979903224618613
-0.044667188744226184
0.03394628657587877
-2.9379548519716328
-0.044667188744226184
0.03394628657587877
-2.9379548519716328
-0.00823895955365125
0.5266010123023539
-2.8926307177942534
-0.027310981107133044
0.034552754749407506
-2.9379354983537773
-0.024003913147234136
0.03988018449082136
-2.9378802539775113
0.3535112220135095
0.44066870322265633
-2.855392725881928
-0.0103983239715045
0.0453336027590432
-2.9378201603407836
0.30906646500074286
0.40612125593223497
-2.845061900535323
0.188239027337894
0.7816182193099538
-2.7926839538614634
0.188239027337894
0.7816182193099538
-2.7926839538614634
0.188239027337894
0.7816182193099538
-2.7926839538614634
-0.0030811929162527204
0.5272284315514505
-2.8922805802224993
-0.0030811929162527204
0.5272284315514505
-2.8922805802224993
-0.0030811929162527204
0.5272284315514505
-2.8922805802224993
0.06934946199306777
0.9730475689660469
-2.720209004072625
0.06934946199306777
0.9730475689660469
-2.720209004072625
-0.07649001302264759
0.52031982039746
-2.8932020566117034
0.05706560071651477
0.04348483549667874
-2.9379621962361564
-0.43660019078117396
-0.16928079613073443
-2.8694486916196777
-0.43660019078117396
-0.16928079613073443
-2.8694486916196777
-0.43660019078117396
-0.16928079613073443
-2.8694486916196777
-0.43660019078117396
-0.16928079613073443
-2.8694486916196777
-0.43660019078117396
-0.16928079613073443
-2.8694486916196777
-0.43660019078117396
-0.16928079613073443
-2.8694486916196777
-0.43660019078117396
-0.16928079613073443
-2.8694486916196777
-0.43660019078117396
-0.16928079613073443
-2.8694486916196777
-0.44378875591844663
-0.16871605939102727
-2.8698958188793995
-0.44378875591844663
-0.16871605939102727
-2.8698958188793995
-0.44378875591844663
-0.16871605939102727
-2.8698958188793995
-0.2150932540244985
-0.37534529670567024
-2.8557089181331548
0.1397627430162335
0.028388709499812488
-2.937719059104802
0.1397627430162335
0.028388709499812488
-2.937719059104802
0.011177005134454557
0.491007573639639
-2.8555331614399977
-0.09914664743940599
0.46992112663892277
-2.8976336621728436
-0.39232164311742773
0.19202679605446768
-2.8571521421330566
-0.39232164311742773
0.19202679605446768
-2.8571521421330566
-0.39232164311742773
0.19202679605446768
-2.8571521421330566
-0.46103816254379265
-0.16494810293818765
-2.870847274597779
-0.22518284056174995
-0.35814459585505987
-2.862047723522319
-0.22518284056174995
-0.35814459585505987
-2.862047723522319
-0.22518284056174995
-0.35814459585505987
-2.862047723522319
0.20799515868421803
0.03755606180903987
-2.9367525017386122
0.20527611960105285
0.4126008428455241
-2.8814007599231695
0.24663243680807262
0.8581918053313393
-2.7760339609387543
0.24663243680807262
0.8581918053313393
-2.7760339609387543
0.01752157173924873
0.4719148787595801
-2.9193860742071602
-0.013680345037127641
0.7311484482901071
-2.836382782861002
-0.013680345037127641
0.7311484482901071
-2.836382782861002
0.21697736186890607
0.39823357434919904
-2.8867760714386144
0.02673333756218172
0.4463432854537516
-2.876477643274555
0.02673333756218172
0.4463432854537516
-2.876477643274555
0.02673333756218172
0.4463432854537516
-2.876477643274555
0.02673333756218172
0.4463432854537516
-2.876477643274555
0.02673333756218172
0.4463432854537516
-2.876477643274555
0.23816548297220658
0.3811862901706222
-2.8928985747963702
-0.12256728447713353
0.5762769347892569
-2.8554269414573996
-0.12256728447713353
0.5762769347892569
-2.8554269414573996
0.1603031429444901
0.5745620422243527
-2.8541385412113884
0.03600932763227662
0.4094787655905556
-2.891903987286924
-0.13303664960609785
0.5656237883156837
-2.8609598107981573
0.16854333192069226
0.5674839222999916
-2.8583851670776665
0.6499531020538968
0.2661581751231749
-2.8082875474413465
0.6499531020538968
0.2661581751231749
-2.8082875474413465
0.6499531020538968
0.2661581751231749
-2.8082875474413465
0.21294415687874174
0.39933517388804785
-2.875310089755664
0.21294415687874174
0.39933517388804785
-2.875310089755664
0.052603008150448195
0.37013689357918433
-2.90695078940764
0.052603008150448195
0.37013689357918433
-2.90695078940764
0.052603008150448195
0.37013689357918433
-2.90695078940764
0.052603008150448195
0.37013689357918433
-2.90695078940764
-0.16784179914857186
0.5509540182224355
-2.8472909035461678
-0.16784179914857186
0.5509540182224355
-2.8472909035461678
0.14310880960177733
0.9944589777381477
-2.7581486606701184
0.14310880960177733
0.9944589777381477
-2.7581486606701184
0.14310880960177733
0.9944589777381477
-2.7581486606701184
0.14310880960177733
0.9944589777381477
-2.7581486606701184
0.14310880960177733
0.9944589777381477
-2.7581486606701184
0.14310880960177733
0.9944589777381477
-2.7581486606701184
0.14310880960177733
0.9944589777381477
-2.7581486606701184
0.026181433219158973
0.6062298029588657
-2.88809512153008
0.026181433219158973
0.6062298029588657
-2.88809512153008
0.026181433219158973
0.6062298029588657
-2.88809512153008
0.1018785121799074
0.2388360740750267
-2.9436888653052673
0.39451713123732085
-0.14629990121951356
-2.902949422591359
0.39451713123732085
-0.14629990121951356
-2.902949422591359
0.39451713123732085
-0.14629990121951356
-2.902949422591359
0.006948165552652255
0.3275969293846976
-2.912729474599683
-0.012572321195444726
0.31992362493035703
-2.914663715859151
0.013862120242207976
0.7854081732928753
-2.8608561826211796
0.013862120242207976
0.7854081732928753
-2.8608561826211796
0.013862120242207976
0.7854081732928753
-2.8608561826211796
0.013862120242207976
0.7854081732928753
-2.8608561826211796
0.013862120242207976
0.7854081732928753
-2.8608561826211796
0.35286568398662876
0.4278050790337373
-2.8699249266971307
0.04435839892490757
0.5405311982349914
-2.927566294224195
0.40251557985608266
0.3987319659721343
-2.8950065148741895
0.5369858271428292
0.032359807104926294
-2.8785732780901356
0.5369858271428292
0.032359807104926294
-2.8785732780901356
0.5369858271428292
0.032359807104926294
-2.8785732780901356
0.5369858271428292
0.032359807104926294
-2.8785732780901356
0.5369858271428292
0.032359807104926294
-2.8785732780901356
0.4454942806537923
-0.05681053096387721
-2.8962917362385907
0.4454942806537923
-0.05681053096387721
-2.8962917362385907
0.4454942806537923
-0.05681053096387721
-2.8962917362385907
0.5214854132638767
0.18282443975281637
-2.8994436266312626
0.29966825367841776
0.34641224025290646
-2.900414020053556
0.06322576382697336
0.45071099209419124
-2.916162206257066
0.06322576382697336
0.45071099209419124
-2.916162206257066
-0.22925679016747155
0.0970564532131398
-2.955643002515615
-0.22925679016747155
0.0970564532131398
-2.955643002515615
-0.22925679016747155
0.0970564532131398
-2.955643002515615
-0.22925679016747155
0.0970564532131398
-2.955643002515615
-0.5428470323383652
0.06903243866970135
-2.939075808776805
-0.5428470323383652
0.06903243866970135
-2.939075808776805
-0.5428470323383652
0.06903243866970135
-2.939075808776805
-0.27633282171679724
-0.29712667987903296
-2.9279655936005566
-0.28285671214975416
-0.29830372552202467
-2.927829325034101
-0.28874353946418163
-0.29279671743007735
-2.929731223774813
-0.22812695004653316
-0.35191745107225814
-2.9555932917177077
-0.2978412566828734
-0.28480449271746483
-2.9324639256388823
-0.2978412566828734
-0.28480449271746483
-2.9324639256388823
-0.3106471007298606
-0.2815123825862607
-2.9339132498102907
-0.36874904456121177
-0.20310262154515113
-2.9620878065157803
-0.3267879989293337
-0.26972691809779537
-2.937906067689544
-0.3267879989293337
-0.26972691809779537
-2.937906067689544
-0.33677975930756554
-0.2631249522737169
-2.94012084426829
-0.34355035640028386
-0.258919378279008
-2.9415249731382644
-0.34355035640028386
-0.258919378279008
-2.9415249731382644
-0.34355035640028386
-0.258919378279008
-2.9415249731382644
-0.6284625363363967
-0.12211008353162875
-2.8876241663796236
-0.6284625363363967
-0.12211008353162875
-2.8876241663796236
-0.6284625363363967
-0.12211008353162875
-2.8876241663796236
-0.6284625363363967
-0.12211008353162875
-2.8876241663796236
-0.38279593010226226
-0.23203492130526718
-2.949925612148332
-0.3917542606928468
-0.22515437402053656
-2.9009010342409565
-0.3917542606928468
-0.22515437402053656
-2.9009010342409565
-0.722658647474679
-0.061935828762735706
-2.8567444673423292
-0.722658647474679
-0.061935828762735706
-2.8567444673423292
-0.722658647474679
-0.061935828762735706
-2.8567444673423292
-0.722658647474679
-0.061935828762735706
-2.8567444673423292
-0.5219310957218183
-0.021882826763027656
-2.905940170972372
-0.5219310957218183
-0.021882826763027656
-2.905940170972372
-0.5219310957218183
-0.021882826763027656
-2.905940170972372
-0.44723367538472536
-0.2075675442836557
-2.9581386428240544
-0.45620326030397157
-0.21014320835887487
-2.957985034347836
-0.45967400951739645
-0.2090731789286838
-2.9583737164659256
-0.45967400951739645
-0.2090731789286838
-2.9583737164659256
-0.6910796463014172
-0.1444525892187063
-2.8736841044903487
-0.4802587725065422
-0.20308235355376236
-2.9606166945576518
-0.4802587725065422
-0.20308235355376236
-2.9606166945576518
-0.4802587725065422
-0.20308235355376236
-2.9606166945576518
-0.2564271073165842
-0.3680718504643661
-3.0117783562723135
-0.2564271073165842
-0.3680718504643661
-3.0117783562723135
-0.2564271073165842
-0.3680718504643661
-3.0117783562723135
-0.7214714108065364
-0.1380763781055259
-2.8761009973755454
-0.523192801290412
-0.19227450985572922
-2.96510934733736
-0.523192801290412
-0.19227450985572922
-2.96510934733736
-0.9226462975092603
-0.25826962664630493
-2.8055058288850536
-0.9226462975092603
-0.25826962664630493
-2.8055058288850536
-0.7442942368764067
-0.14317462353379679
-2.8770586222316274
-0.7442942368764067
-0.14317462353379679
-2.8770586222316274
-0.7442942368764067
-0.14317462353379679
-2.8770586222316274
-0.5605230546767488
-0.1843906754872868
-2.969045808553285
-0.5605230546767488
-0.1843906754872868
-2.969045808553285
-0.5538351880500122
0.0873039510095616
-2.982683970070983
-0.5601610978059153
0.08610684376271181
-2.983217449131582
-0.5601610978059153
0.08610684376271181
-2.983217449131582
-0.5601610978059153
0.08610684376271181
-2.983217449131582
-0.595540398762661
-0.17804135445289013
-2.9729744939257152
-0.595540398762661
-0.17804135445289013
-2.9729744939257152
-0.6254207036175906
-0.14059465081989794
-2.942666889047884
-0.6254207036175906
-0.14059465081989794
-2.942666889047884
-0.6254207036175906
-0.14059465081989794
-2.942666889047884
-0.6254207036175906
-0.14059465081989794
-2.942666889047884
-0.6254207036175906
-0.14059465081989794
-2.942666889047884
-0.8088742677858873
-0.13190752479584106
-2.8846002722338557
-0.8088742677858873
-0.13190752479584106
-2.8846002722338557
-0.8088742677858873
-0.13190752479584106
-2.8846002722338557
-0.8088742677858873
-0.13190752479584106
-2.8846002722338557
-0.8088742677858873
-0.13190752479584106
-2.8846002722338557
-0.7577698026899663
-0.0518890079108666
-2.9352299361438092
-0.8333984677747537
-0.13063136490630448
-2.888046587824914
-0.8333984677747537
-0.13063136490630448
-2.888046587824914
-0.8333984677747537
-0.13063136490630448
-2.888046587824914
-0.8333984677747537
-0.13063136490630448
-2.888046587824914
-0.8470805169044515
-0.13000293263891938
-2.890231657541696
-0.679127062017215
-0.15792788819124587
-2.985727323275825
-0.679127062017215
-0.15792788819124587
-2.985727323275825
-0.4092717046672472
0.11471605877235709
-3.0411568808039395
-0.4092717046672472
0.11471605877235709
-3.0411568808039395
-0.4092717046672472
0.11471605877235709
-3.0411568808039395
-0.4092717046672472
0.11471605877235709
-3.0411568808039395
-0.4092717046672472
0.11471605877235709
-3.0411568808039395
-0.0708459467381775
0.18425964425029193
-3.3410963099827624
-0.0708459467381775
0.18425964425029193
-3.3410963099827624
-0.0708459467381775
0.18425964425029193
-3.3410963099827624
-0.0708459467381775
0.18425964425029193
-3.3410963099827624
-0.0708459467381775
0.18425964425029193
-3.3410963099827624
-0.0708459467381775
0.18425964425029193
-3.3410963099827624
-0.0708459467381775
0.18425964425029193
-3.3410963099827624
-0.0708459467381775
0.18425964425029193
-3.3410963099827624
-0.0708459467381775
0.18425964425029193
-3.3410963099827624
-0.0708459467381775
0.18425964425029193
-3.3410963099827624
0.08748034952134583
0.13322404761452827
-3.2233121299178813
0.08748034952134583
0.13322404761452827
-3.2233121299178813
0.08748034952134583
0.13322404761452827
-3.2233121299178813
0.08748034952134583
0.13322404761452827
-3.2233121299178813
0.08748034952134583
0.13322404761452827
-3.2233121299178813
0.08748034952134583
0.13322404761452827
-3.2233121299178813
0.08748034952134583
0.13322404761452827
-3.2233121299178813
0.08748034952134583
0.13322404761452827
-3.2233121299178813
0.08748034952134583
0.13322404761452827
-3.2233121299178813
0.08748034952134583
0.13322404761452827
-3.2233121299178813
0.08748034952134583
0.13322404761452827
-3.2233121299178813
0.08748034952134583
0.13322404761452827
-3.2233121299178813
0.08748034952134583
0.13322404761452827
-3.2233121299178813
0.08748034952134583
0.13322404761452827
-3.2233121299178813
0.08748034952134583
0.13322404761452827
-3.2233121299178813
0.08748034952134583
0.13322404761452827
-3.2233121299178813
0.48978685822049456
0.08669815582223384
-3.1097776744607173
0.8217558584849813
-0.015922883454837125
-2.9886056475336407
0.9155761168125468
0.07657395772671377
-2.9332259703713035
1.0498169698994286
0.18942441022848558
-2.855191420321092
0.9130247077672885
0.22236342481592886
-2.9278303141944253
0.9183980608441007
0.22477442039948353
-2.928720061872977
0.6437695965355321
0.19253890758478184
-3.0608523429033068
0.9481119893989574
0.22355195245634432
-2.918982160904595
0.7901099613809152
0.25788615967938366
-2.9902639152307118
0.9955507475700726
0.12867801249937885
-2.892456423292366
0.9955507475700726
0.12867801249937885
-2.892456423292366
1.0035604703708205
0.12835202249965957
-2.894596181720048
0.9322706156650322
0.051888793739238104
-2.9246096965123036
0.8693012241329546
-0.00553426869588434
-3.0006280518222557
0.9707279089950611
0.21812617669877576
-2.9261238821931794
1.0138305595575907
-0.004424943420219905
-2.904248638853053
0.8873186427150824
0.15647070067917493
-2.993636707966468
1.1477226487387973
0.11317853451302194
-2.853631702870225
0.8948849416821696
0.15247385580095607
-2.9957268344282566
0.8045487662034194
0.06056990557627633
-3.0280795960173323
0.902643795240253
0.1484970228212947
-2.9977560661944773
0.8884657545623438
0.1466546260227534
-2.9786935222108655
0.9113546048717915
0.15433844073077657
-2.9986768333447817
0.9817959879908147
0.21506715343272068
-2.9451864010367528
0.9143684676019004
-0.006027713066634973
-3.009210386774953
1.0934840398615637
0.07109762351136306
-2.867623068970228
0.9284775256456453
0.1528493657979698
-3.0017231915794853
1.1103975977560807
0.18724257379521864
-2.855829569876022
1.0187344534928366
0.2128674923498893
-2.9683816493565844
1.0678111100254375
0.12570721727501713
-2.908059897835216
1.1309182179564798
0.04893949284998808
-2.890357449851893
1.072045112024657
-0.006182219174165428
-2.914632172248852
0.9788705269627628
0.1409838447068165
-2.994779336702782
1.084603250227108
0.1249692646456484
-2.9102324722694197
1.0338217706922699
0.05370771277375206
-2.990120378889591
1.0934802773162595
0.12456999792525818
-2.9111511220252226
0.9768366508226765
0.15192092759257672
-3.007392909032564
1.0349107038741285
0.05414526271495178
-2.9406902741781065
1.0349107038741285
0.05414526271495178
-2.9406902741781065
0.9927569326180754
0.14421032350977903
-3.009225928599609
1.064437512011086
0.05422258185603217
-2.992227203736742
1.1209114093434172
-0.0031151268447284597
-2.9185211948725485
0.9293770251390275
0.0610276209868607
-3.04102580422686
1.1326864589792762
0.12002353383991037
-2.9136547629859395
1.0727772749273332
0.054696262292983445
-2.942098908792364
0.9794792094851558
0.23976181628608656
-3.039910588244756
0.9745153109092892
0.09303966343418486
-3.060512234667946
1.2103874751532955
0.04822044982323721
-2.894820472890195
1.1009269947557117
-0.07490296595777708
-2.9694432063414196
1.2114569666052186
0.17771803890917404
-2.8629823221524786
1.0454864672895663
0.13215113793673344
-2.9900160034173675
0.9899041422781922
0.05401757323815105
-3.040820899592265
1.0762524874418298
0.13435684452368046
-3.010132301965406
1.1304644524230074
0.04945206400531595
-2.9405715876168266
1.1357731387522163
0.06902867753263564
-2.939590989728764
1.0849214777904
0.15190448122931546
-2.986392186469936
1.106076573624581
-0.020556487562864174
-2.9835759162059925
1.1597885632899883
0.049693842043077974
-2.9383348143448393
0.9391212034288471
0.2624841471968584
-3.0798498282141415
1.182880767351343
0.19081268133593715
-2.952982514670604
1.0708467402271102
0.06074505823774962
-3.0351613123921433
1.0100624810008156
0.14377059860478117
-3.052010192489149
1.0898558543494037
0.06068737411087587
-3.033169796199149
1.2116809921738665
0.18789397123645907
-2.9500344173516955
1.2183620246338516
0.18667624627876267
-2.9189440524651067
1.3046025009158044
0.047449024818810956
-2.8370462592329164
1.1750520792310184
0.11937364653750804
-2.97892182470171
1.0675782190147993
0.1342929624972367
-3.0464673300594325
1.2071365737448936
-0.012986398451839083
-3.034482066680256
1.0959986815982672
0.13880141543733995
-3.0422347349847447
1.3128271491238184
0.11133388799680938
-2.8981015194466324
1.2154633244692097
0.1147881681018787
-2.942812838853441
1.2154633244692097
0.1147881681018787
-2.942812838853441
1.1889425014499844
0.054789701826010166
-3.051249996442655
1.1901131705553656
0.07456341961293177
-2.99391909773964
1.2638834274378246
0.12167608035514792
-2.963766779827584
1.5218224662405342
0.030883572443243693
-2.847039479321194
1.2798445141908614
0.113993889034218
-2.930936321189212
1.2492095130461642
0.06367106906434472
-3.0080446201876923
1.2912383317905527
0.11649256393302598
-2.9284210755861584
1.2912383317905527
0.11649256393302598
-2.9284210755861584
1.4171165193178983
0.103827250214821
-2.8768254579385326
1.2933729503092697
0.060164210871049534
-2.998880062359042
1.419342068725345
0.09841712363816082
-2.823372919628223
1.461494679399283
0.04606169085850151
-2.803965503228112
