-1.704933432844503
0.048817460223120376
-2.2994164521325793
-1.688092968295332
0.0403532029789737
-2.248805834348412
-1.6446462697191135
0.0434482918190025
-2.3274708115820792
-1.6656401012300115
0.0438561857438601
-2.2829041546106397
-1.619967899171197
0.07475044132907761
-2.3072259261319465
-1.6716486529233519
0.04368688593564266
-2.2679367835952866
-1.5822038595766907
0.07022054947721142
-2.323766888482266
-1.6426986776312904
0.04348210587378924
-2.280957912058789
-1.6006975797598022
0.045074594114534766
-2.35498974818214
-1.5501835867357852
0.011800872338256354
-2.3599298344929256
-1.5407987649221455
0.07691563100720095
-2.3835063329682384
-1.5151212953480582
0.13610349887268422
-2.363425115817256
-1.507454560468772
0.05155686696059378
-2.349704981263064
-1.4905631061567501
0.05156235712525225
-2.3561513942374264
-1.4495318045319643
0.05604758767858601
-2.4229788238238426
-1.4528710695020908
0.07661788968555738
-2.41646412362254
-1.4521139499357678
0.051564452139813935
-2.3702782944919174
-1.4520733572127387
0.0416631877185095
-2.412077251742164
-1.4689374933926262
0.03551681783587653
-2.327683003227293
-1.3929253927809786
0.01240767506179302
-2.4406010039772763
-1.412933689515964
0.053124498016081
-2.424952773734314
-1.4066907999065297
0.07374749390006259
-2.3761758756897344
-1.351394204117557
0.07951227212052914
-2.4494170664308945
-1.391327999136886
0.012986119744491454
-2.4025011780029977
-1.3364394175508658
0.05148036912609037
-2.407822898046826
-1.3372902717695079
0.0403787978960795
-2.4251039546680895
-1.3122899000363
0.09832764535716151
-2.478325506077578
-1.3175410785237498
0.0483435875422955
-2.4531050440827236
-1.2148987625452206
0.015812690136350956
-2.5488162018825853
-1.3264055048053063
0.15476088067461993
-2.4076462888110775
-1.2979444633308088
0.07405677814694525
-2.407007197212222
-1.2714108847158252
0.05059853171790227
-2.4644487392959316
-1.2595654231465307
0.05058063277448969
-2.467092507531237
-1.2109694602051264
0.10001433811077622
-2.461922135231111
-1.315281074859375
0.08214749586110384
-2.3621576542954243
-1.2321906382196939
0.11951899979743942
-2.4652388336835465
-1.2727594662633508
0.04856648556082358
-2.4049918742072136
-1.230106414802947
0.07777102820049481
-2.421181504486982
-1.1763183083999273
0.10046474268906792
-2.4842267037095125
-1.2462184123863547
0.03653284393033895
-2.409904298229959
-1.1489051911016168
0.08583410351189134
-2.494844419490892
-1.1780179630114322
0.038818907794942986
-2.481907272985275
-1.1625911597375973
-0.041470198101968496
-2.4628239996637484
-1.1806464844463367
0.12283341965622663
-2.4894798702906975
-1.2268570129736285
0.1185042287496808
-2.420484436024173
-1.1520147165780101
0.13979415690527497
-2.4759602860854817
-1.1037404219968459
0.08296334974083965
-2.499828196206072
-1.041763537768903
0.12624144532240672
-2.5861035979624885
-1.157678120077926
0.001685512622130554
-2.4492045144256327
-1.1855978956456015
0.19654247830805804
-2.4870111124161007
-1.1332636910254335
0.1315363977920041
-2.513457894219378
-1.1032248157865199
0.19534306700009793
-2.4923477243809553
-1.2205202701343054
0.060071314121745316
-2.431033886131911
-1.0351816324476675
0.16075918513632192
-2.5481364287449653
-0.8384081517911233
0.0799201079133761
-2.687368272075271
-1.0479666586033591
0.0849330830967744
-2.5012991101014337
-1.0429229234471518
0.09881067326668937
-2.479117369300771
-1.106655550957838
0.08058296142644492
-2.4313348535244743
-1.0756659379594178
0.046133939805631366
-2.4869348351284546
-0.9013895737376222
0.06804108546865742
-2.5956915403557153
-1.0729529975528662
0.12649418157673156
-2.4558673469726635
-1.0221386832846209
-0.002306309322628482
-2.506096228345428
-1.0240902904700748
0.08578128718299612
-2.4999308051642624
-1.0204026409095899
0.08591297691886873
-2.499590317679674
-1.0573279244227425
0.04411387658678414
-2.4854916229846222
-1.081887524769145
0.075393901319355
-2.429599494265297
-1.0802653305605754
0.07543402891875348
-2.429408602765497
-1.0543003199159766
0.12955068720202856
-2.4535820098581977
-1.0081621944561434
0.08848687534955682
-2.498088915144411
-1.046897186617684
0.21943440407206896
-2.421536614873028
-1.0270826913433826
0.04481232933724769
-2.448747745102052
-0.9478946942196408
0.14258795425716558
-2.4939908549297787
-1.0239527500564505
0.044823150197354444
-2.448278448037593
-1.066357366592206
0.07577910154888168
-2.4274191511345253
-0.9444381146262325
0.036927795131927094
-2.5408038007889377
-1.0608250111566684
0.08822108940939741
-2.4261371566615293
-0.8901006061344745
-0.006061923484164996
-2.5372972671669736
-1.0134474799511073
0.04284728999152441
-2.4464482651137183
-0.8956201667153105
0.10892695986124498
-2.506407555717233
-0.9453993218635804
0.14522424730724295
-2.5041825551716657
-0.8879269488539889
0.09367679400585956
-2.528654999241544
-0.9630394034284008
-0.0044248207461019574
-2.464508701798375
-0.917648814566223
0.049247340164208175
-2.479537466265516
-1.0034393418619618
0.04283265199696167
-2.423981693219688
-0.9224526958322622
0.14228804649763993
-2.4894888741049823
-0.9573511530799123
-0.006795002033525803
-2.463166175717784
-0.8915929886659385
0.11352375810997499
-2.53962211821907
-1.0057222462295312
0.12503657867291448
-2.433647328628715
-0.8675188929013872
-0.007129394752604989
-2.5330027603525416
-1.0600358372051426
0.03668518336021848
-2.3750252946212433
-0.6975087065824798
0.06729525293815837
-2.6203368544223746
-0.9016439932491819
0.0517650369955838
-2.4760324634423525
-0.900257469253582
0.049525359570254314
-2.4756900453556954
-0.7567745093057205
0.11276202026401251
-2.5566288402131754
-0.8974929798762743
0.0495747099088308
-2.4750077082338766
-0.6162047924314132
0.1690055063345895
-2.650135363502513
-0.892886877494055
0.036251476499648584
-2.4742359519189203
-0.835311603352195
-0.005465401970867582
-2.5150833844060045
-0.6868143467910016
0.07790321061501347
-2.656548913732566
-0.9338196652842365
-0.0035753221580747704
-2.435244398407694
-0.8219414884714716
-0.0007799602416209476
-2.478829699352688
-1.0054162432774592
0.08753783125184679
-2.3832159359570935
-0.8841146149158653
0.04983637100020186
-2.4714691319326554
-0.9123977486055672
-0.003867566962194736
-2.4210979108588826
-0.8684531130727428
0.048236200990818184
-2.435752041898137
-1.0681521337425905
0.04173309631621616
-2.4145817968483416
-0.7308188931528413
0.11501853712005751
-2.5498517226595814
-0.7272838511103291
0.001483489442236977
-2.5347601224325182
-0.857963087040873
0.03706937376015549
-2.45517931764174
-0.652115991782616
0.0765857180628789
-2.5717991116332186
-0.8207301676274571
-0.0016794391414240244
-2.4633192741669663
-0.40858239193115986
0.22746271771033558
-2.6617826280096635
-0.6537054169061821
-0.08762026101684771
-2.5446820891126354
-0.5410510344187125
-0.00034409935369841875
-2.6167950160020634
-0.6680854821547002
0.21156125605641116
-2.544589386361477
-0.8484898678483296
0.0509876130505392
-2.4298966875745105
-0.8919816160773689
-0.019551619344607196
-2.413459942719928
-0.7882459833113274
-0.006087351896436162
-2.469503563584926
-0.746984960377902
-0.06582415829961864
-2.496279591748474
-0.6984276021471186
0.001359657988340183
-2.5267845108488483
-0.4900813158397037
0.39233517139441215
-2.596009880121007
-0.6879745125412785
0.1464626094440261
-2.500823732837499
-0.8192220422149219
0.03606973837345671
-2.4131273172884256
-0.8427510842309202
0.04853903797076999
-2.4591787048539224
-0.7166086255895869
0.04164164861786693
-2.4796233588571326
-0.8709266246900715
-0.007378876408158159
-2.408325035183512
-0.7338662847364618
0.03866667290687539
-2.46666517179233
-0.647774488698332
-0.001012892011344811
-2.5336341495697803
-0.7873028831652086
0.10225779125547033
-2.4432314484515647
-0.7022730377487417
0.036401323484122644
-2.476068008536547
-0.753299638733639
-0.003848880739003859
-2.4603635436160314
-0.7659966707071821
0.09543527108775067
-2.4300593598496336
-0.7085290012500476
-0.07109529778794094
-2.4853349843609642
-0.6974352012694454
0.060161129018017276
-2.4493230965530155
-0.7221284918973533
0.17483445528509564
-2.466599731121273
-0.7092963513916052
0.042117314807053205
-2.460056150541627
-0.8465606115292152
-0.026963921231439487
-2.3785096789808633
-0.684404948423512
0.05805511592892972
-2.446294205848934
-0.6710772919319561
0.07299090213166724
-2.4683088485013447
-0.6116044919391754
0.12160977291018342
-2.476186586795851
-0.6274256726933621
-0.005601188183270432
-2.473728191459087
-0.6860709888645846
0.03987961188873469
-2.4546685587486596
-0.5131902718149407
0.044910303328313056
-2.4989220295998535
-0.7249324152338891
0.12066758527985884
-2.4189155007356837
-0.7235058784418091
0.0958740813053485
-2.4198684378009734
-0.606086076621157
0.1535817550156222
-2.4809718118165107
-0.7161663464006566
0.09642231326665804
-2.4183784514370092
-0.6949172110384716
-0.015356768369137864
-2.447506185145671
-0.6595056206425742
0.037532652271295576
-2.449527100558272
-0.6952092942819598
-0.0010156090921446604
-2.42321044327798
-0.6622446051333482
0.18085732081986158
-2.4527291152289306
-0.62845318020914
0.06132323689805566
-2.4359203264689016
-0.2334207271730812
0.22429464450445885
-2.579280117428942
-0.4831165725684626
-0.10513555360559142
-2.4979170773414734
-0.6815485872742448
0.09637425301759497
-2.412689100022901
-0.4671836986880425
0.08163773739476103
-2.498516640275536
-0.32045482759101157
0.09078583960032778
-2.5675244070075283
-0.5475601734737363
0.11741176497435996
-2.474865399362795
-0.3053278944242019
0.07553125479661339
-2.566262852310909
-0.40518270200222856
0.038668597902884086
-2.524766786429259
-0.568649689046022
0.031604084367648694
-2.4552777389835043
-0.59909312548163
0.0353957505875064
-2.441225571451891
-0.4801632857599904
0.24887011013470997
-2.4602048610042204
-0.627945065276194
0.10839853515244005
-2.4299122153430828
-0.4844002712401877
0.14163578451907938
-2.4576964381761734
-0.698421118302321
0.0289220111371641
-2.408169433468409
-0.5299883857776923
0.027915417494517623
-2.452814927630924
-0.5481766280404036
0.06336505247085042
-2.462264791826529
-0.31920307253968594
0.03215790989946151
-2.520807640842866
-0.6087157685353833
0.1336350573220013
-2.4029703406426473
-0.4094571763603451
-0.026046976611546004
-2.506039675022519
-0.5317855058808604
0.29123441404206296
-2.4614193474119013
-0.1435722856573938
0.626783908513646
-2.4646555786138866
-0.1435722856573938
0.626783908513646
-2.4646555786138866
-0.5411548241993591
0.2120297530342529
-2.433675278127729
-0.4371950468565905
-0.02983194734398293
-2.4500647165016813
-0.30492892445642683
0.12746043307394445
-2.5183342998303235
-0.5968047791810207
0.023936627157633346
-2.383365755316421
-0.30966246719337487
-0.18571910856115098
-2.5072148877556915
-0.5471996791198359
0.14621388588887493
-2.3986619840934162
-0.5418715877323228
0.14141465916577212
-2.3990748631369327
-0.2545903576321551
0.14089295134480445
-2.513422149107732
-0.58708009604043
0.03963693100862717
-2.3922000495636704
-0.48367412056892023
-0.03184107188136984
-2.4343162428463563
-0.42355712592030026
0.07068724331162446
-2.4569805102100655
-0.42355712592030026
0.07068724331162446
-2.4569805102100655
-0.8047912142794166
-0.07831656133040242
-2.3581201504775615
-0.551510337049035
0.050116561852899325
-2.392616338447586
-0.551510337049035
0.050116561852899325
-2.392616338447586
-0.46404230430322013
-0.0016059898098340938
-2.4441608438295797
-0.4827430475336956
-0.034005109412882394
-2.418031900940753
-0.3138331956767463
0.18196874412046907
-2.4844181778232466
-0.40340675631697653
-0.03195789945038906
-2.435493778162709
-0.40340675631697653
-0.03195789945038906
-2.435493778162709
-0.4482665156355446
0.11431000004322267
-2.4332855103601987
-0.25909559692526685
0.1482389138784735
-2.4798201452183237
-0.5716056974969841
-0.04976430448746067
-2.4116995450163716
-0.5716056974969841
-0.04976430448746067
-2.4116995450163716
-0.41958977621267746
0.12132929023470317
-2.4322657262941183
-0.49725969816759635
0.020558482223751708
-2.4027662030456414
-0.49725969816759635
0.020558482223751708
-2.4027662030456414
-0.49725969816759635
0.020558482223751708
-2.4027662030456414
-0.49725969816759635
0.020558482223751708
-2.4027662030456414
-0.5865027082093544
0.03740137670868228
-2.363163517342124
-0.7762496676952193
-0.14775058348376469
-2.335066943866469
-0.36099481631704067
0.12562678018397744
-2.431253544235062
-0.20837564148965507
0.12023694416963222
-2.4483789905654056
-0.47197012276585365
-0.09907168277345925
-2.436876726302939
-0.33990772535321223
0.1327209960895951
-2.4301231281004503
-0.39660094128724377
0.05052050196645242
-2.429039917736522
-0.14921852933731913
-0.2926948524251347
-2.470564273579606
-0.40164771515351305
-0.14755461665368086
-2.4178755191178585
-0.23828658094196048
0.029365433998142586
-2.4459938480622645
-0.30496400147447916
0.3435487722718901
-2.42415003442714
-0.30496400147447916
0.3435487722718901
-2.42415003442714
-0.30496400147447916
0.3435487722718901
-2.42415003442714
0.066102233133965
0.3665938830159567
-2.4511224501818996
0.41571500938699874
0.05785511798757406
-2.4014286622023113
0.41571500938699874
0.05785511798757406
-2.4014286622023113
0.41571500938699874
0.05785511798757406
-2.4014286622023113
0.41571500938699874
0.05785511798757406
-2.4014286622023113
0.41571500938699874
0.05785511798757406
-2.4014286622023113
0.41571500938699874
0.05785511798757406
-2.4014286622023113
0.41571500938699874
0.05785511798757406
-2.4014286622023113
0.41571500938699874
0.05785511798757406
-2.4014286622023113
0.41571500938699874
0.05785511798757406
-2.4014286622023113
0.41571500938699874
0.05785511798757406
-2.4014286622023113
0.41571500938699874
0.05785511798757406
-2.4014286622023113
0.41571500938699874
0.05785511798757406
-2.4014286622023113
0.41571500938699874
0.05785511798757406
-2.4014286622023113
0.41571500938699874
0.05785511798757406
-2.4014286622023113
0.41571500938699874
0.05785511798757406
-2.4014286622023113
0.7126262694578127
-0.017512318397106208
-2.3203479862471017
0.7126262694578127
-0.017512318397106208
-2.3203479862471017
0.7126262694578127
-0.017512318397106208
-2.3203479862471017
0.7126262694578127
-0.017512318397106208
-2.3203479862471017
0.7126262694578127
-0.017512318397106208
-2.3203479862471017
0.7126262694578127
-0.017512318397106208
-2.3203479862471017
0.7126262694578127
-0.017512318397106208
-2.3203479862471017
0.7126262694578127
-0.017512318397106208
-2.3203479862471017
0.7126262694578127
-0.017512318397106208
-2.3203479862471017
0.7126262694578127
-0.017512318397106208
-2.3203479862471017
0.7126262694578127
-0.017512318397106208
-2.3203479862471017
0.7126262694578127
-0.017512318397106208
-2.3203479862471017
0.7126262694578127
-0.017512318397106208
-2.3203479862471017
0.7126262694578127
-0.017512318397106208
-2.3203479862471017
0.7126262694578127
-0.017512318397106208
-2.3203479862471017
0.7126262694578127
-0.017512318397106208
-2.3203479862471017
0.7126262694578127
-0.017512318397106208
-2.3203479862471017
0.7126262694578127
-0.017512318397106208
-2.3203479862471017
0.7126262694578127
-0.017512318397106208
-2.3203479862471017
0.7126262694578127
-0.017512318397106208
-2.3203479862471017
0.7126262694578127
-0.017512318397106208
-2.3203479862471017
0.7126262694578127
-0.017512318397106208
-2.3203479862471017
0.7126262694578127
-0.017512318397106208
-2.3203479862471017
0.7126262694578127
-0.017512318397106208
-2.3203479862471017
0.7126262694578127
-0.017512318397106208
-2.3203479862471017
0.7126262694578127
-0.017512318397106208
-2.3203479862471017
0.7126262694578127
-0.017512318397106208
-2.3203479862471017
0.7126262694578127
-0.017512318397106208
-2.3203479862471017
0.7126262694578127
-0.017512318397106208
-2.3203479862471017
0.7126262694578127
-0.017512318397106208
-2.3203479862471017
0.7126262694578127
-0.017512318397106208
-2.3203479862471017
0.7126262694578127
-0.017512318397106208
-2.3203479862471017
0.7126262694578127
-0.017512318397106208
-2.3203479862471017
0.7126262694578127
-0.017512318397106208
-2.3203479862471017
0.7126262694578127
-0.017512318397106208
-2.3203479862471017
0.7126262694578127
-0.017512318397106208
-2.3203479862471017
0.7126262694578127
-0.017512318397106208
-2.3203479862471017
0.7126262694578127
-0.017512318397106208
-2.3203479862471017
0.7126262694578127
-0.017512318397106208
-2.3203479862471017
0.7126262694578127
-0.017512318397106208
-2.3203479862471017
0.7126262694578127
-0.017512318397106208
-2.3203479862471017
0.7126262694578127
-0.017512318397106208
-2.3203479862471017
0.7126262694578127
-0.017512318397106208
-2.3203479862471017
0.7126262694578127
-0.017512318397106208
-2.3203479862471017
0.7126262694578127
-0.017512318397106208
-2.3203479862471017
0.7126262694578127
-0.017512318397106208
-2.3203479862471017
0.7126262694578127
-0.017512318397106208
-2.3203479862471017
0.7126262694578127
-0.017512318397106208
-2.3203479862471017
0.7126262694578127
-0.017512318397106208
-2.3203479862471017
0.7126262694578127
-0.017512318397106208
-2.3203479862471017
0.7126262694578127
-0.017512318397106208
-2.3203479862471017
0.7126262694578127
-0.017512318397106208
-2.3203479862471017
0.7126262694578127
-0.017512318397106208
-2.3203479862471017
0.7126262694578127
-0.017512318397106208
-2.3203479862471017
0.7126262694578127
-0.017512318397106208
-2.3203479862471017
0.7126262694578127
-0.017512318397106208
-2.3203479862471017
0.7126262694578127
-0.017512318397106208
-2.3203479862471017
0.7126262694578127
-0.017512318397106208
-2.3203479862471017
0.7126262694578127
-0.017512318397106208
-2.3203479862471017
0.7126262694578127
-0.017512318397106208
-2.3203479862471017
0.7126262694578127
-0.017512318397106208
-2.3203479862471017
0.7126262694578127
-0.017512318397106208
-2.3203479862471017
0.7126262694578127
-0.017512318397106208
-2.3203479862471017
0.7126262694578127
-0.017512318397106208
-2.3203479862471017
0.7126262694578127
-0.017512318397106208
-2.3203479862471017
0.7126262694578127
-0.017512318397106208
-2.3203479862471017
0.7126262694578127
-0.017512318397106208
-2.3203479862471017
0.7126262694578127
-0.017512318397106208
-2.3203479862471017
0.7126262694578127
-0.017512318397106208
-2.3203479862471017
0.7126262694578127
-0.017512318397106208
-2.3203479862471017
0.7126262694578127
-0.017512318397106208
-2.3203479862471017
0.7126262694578127
-0.017512318397106208
-2.3203479862471017
0.7126262694578127
-0.017512318397106208
-2.3203479862471017
0.7126262694578127
-0.017512318397106208
-2.3203479862471017
0.7126262694578127
-0.017512318397106208
-2.3203479862471017
0.7126262694578127
-0.017512318397106208
-2.3203479862471017
0.7126262694578127
-0.017512318397106208
-2.3203479862471017
0.7126262694578127
-0.017512318397106208
-2.3203479862471017
0.7126262694578127
-0.017512318397106208
-2.3203479862471017
0.7126262694578127
-0.017512318397106208
-2.3203479862471017
0.7126262694578127
-0.017512318397106208
-2.3203479862471017
0.7126262694578127
-0.017512318397106208
-2.3203479862471017
0.7126262694578127
-0.017512318397106208
-2.3203479862471017
0.7126262694578127
-0.017512318397106208
-2.3203479862471017
0.7126262694578127
-0.017512318397106208
-2.3203479862471017
0.7126262694578127
-0.017512318397106208
-2.3203479862471017
0.7126262694578127
-0.017512318397106208
-2.3203479862471017
0.7126262694578127
-0.017512318397106208
-2.3203479862471017
0.7126262694578127
-0.017512318397106208
-2.3203479862471017
0.7126262694578127
-0.017512318397106208
-2.3203479862471017
0.7126262694578127
-0.017512318397106208
-2.3203479862471017
0.7126262694578127
-0.017512318397106208
-2.3203479862471017
0.7126262694578127
-0.017512318397106208
-2.3203479862471017
0.7126262694578127
-0.017512318397106208
-2.3203479862471017
0.7126262694578127
-0.017512318397106208
-2.3203479862471017
0.7126262694578127
-0.017512318397106208
-2.3203479862471017
0.7126262694578127
-0.017512318397106208
-2.3203479862471017
0.7126262694578127
-0.017512318397106208
-2.3203479862471017
0.7126262694578127
-0.017512318397106208
-2.3203479862471017
0.7126262694578127
-0.017512318397106208
-2.3203479862471017
0.7126262694578127
-0.017512318397106208
-2.3203479862471017
0.7126262694578127
-0.017512318397106208
-2.3203479862471017
0.7126262694578127
-0.017512318397106208
-2.3203479862471017
0.7126262694578127
-0.017512318397106208
-2.3203479862471017
0.7126262694578127
-0.017512318397106208
-2.3203479862471017
0.7126262694578127
-0.017512318397106208
-2.3203479862471017
0.7126262694578127
-0.017512318397106208
-2.3203479862471017
0.7126262694578127
-0.017512318397106208
-2.3203479862471017
0.7126262694578127
-0.017512318397106208
-2.3203479862471017
0.7126262694578127
-0.017512318397106208
-2.3203479862471017
0.7126262694578127
-0.017512318397106208
-2.3203479862471017
0.7126262694578127
-0.017512318397106208
-2.3203479862471017
0.7126262694578127
-0.017512318397106208
-2.3203479862471017
0.7126262694578127
-0.017512318397106208
-2.3203479862471017
0.7126262694578127
-0.017512318397106208
-2.3203479862471017
0.7126262694578127
-0.017512318397106208
-2.3203479862471017
0.7126262694578127
-0.017512318397106208
-2.3203479862471017
0.7126262694578127
-0.017512318397106208
-2.3203479862471017
0.7126262694578127
-0.017512318397106208
-2.3203479862471017
0.7126262694578127
-0.017512318397106208
-2.3203479862471017
0.7126262694578127
-0.017512318397106208
-2.3203479862471017
0.7126262694578127
-0.017512318397106208
-2.3203479862471017
0.7126262694578127
-0.017512318397106208
-2.3203479862471017
0.7126262694578127
-0.017512318397106208
-2.3203479862471017
0.7126262694578127
-0.017512318397106208
-2.3203479862471017
0.7126262694578127
-0.017512318397106208
-2.3203479862471017
0.7126262694578127
-0.017512318397106208
-2.3203479862471017
0.7126262694578127
-0.017512318397106208
-2.3203479862471017
0.7126262694578127
-0.017512318397106208
-2.3203479862471017
0.7126262694578127
-0.017512318397106208
-2.3203479862471017
0.7126262694578127
-0.017512318397106208
-2.3203479862471017
0.7126262694578127
-0.017512318397106208
-2.3203479862471017
0.7126262694578127
-0.017512318397106208
-2.3203479862471017
0.7126262694578127
-0.017512318397106208
-2.3203479862471017
0.7126262694578127
-0.017512318397106208
-2.3203479862471017
0.7126262694578127
-0.017512318397106208
-2.3203479862471017
0.7126262694578127
-0.017512318397106208
-2.3203479862471017
0.7126262694578127
-0.017512318397106208
-2.3203479862471017
0.7126262694578127
-0.017512318397106208
-2.3203479862471017
0.7126262694578127
-0.017512318397106208
-2.3203479862471017
0.7126262694578127
-0.017512318397106208
-2.3203479862471017
0.7126262694578127
-0.017512318397106208
-2.3203479862471017
0.7126262694578127
-0.017512318397106208
-2.3203479862471017
0.7126262694578127
-0.017512318397106208
-2.3203479862471017
0.7126262694578127
-0.017512318397106208
-2.3203479862471017
0.7126262694578127
-0.017512318397106208
-2.3203479862471017
0.7126262694578127
-0.017512318397106208
-2.3203479862471017
0.7126262694578127
-0.017512318397106208
-2.3203479862471017
0.7126262694578127
-0.017512318397106208
-2.3203479862471017
0.7126262694578127
-0.017512318397106208
-2.3203479862471017
0.7126262694578127
-0.017512318397106208
-2.3203479862471017
0.7126262694578127
-0.017512318397106208
-2.3203479862471017
0.7126262694578127
-0.017512318397106208
-2.3203479862471017
0.7126262694578127
-0.017512318397106208
-2.3203479862471017
0.7126262694578127
-0.017512318397106208
-2.3203479862471017
0.7126262694578127
-0.017512318397106208
-2.3203479862471017
0.7126262694578127
-0.017512318397106208
-2.3203479862471017
0.7126262694578127
-0.017512318397106208
-2.3203479862471017
0.7126262694578127
-0.017512318397106208
-2.3203479862471017
0.7126262694578127
-0.017512318397106208
-2.3203479862471017
0.7126262694578127
-0.017512318397106208
-2.3203479862471017
0.7126262694578127
-0.017512318397106208
-2.3203479862471017
0.7126262694578127
-0.017512318397106208
-2.3203479862471017
0.7126262694578127
-0.017512318397106208
-2.3203479862471017
0.7126262694578127
-0.017512318397106208
-2.3203479862471017
0.7126262694578127
-0.017512318397106208
-2.3203479862471017
0.7126262694578127
-0.017512318397106208
-2.3203479862471017
0.7126262694578127
-0.017512318397106208
-2.3203479862471017
0.7126262694578127
-0.017512318397106208
-2.3203479862471017
0.7126262694578127
-0.017512318397106208
-2.3203479862471017
0.7126262694578127
-0.017512318397106208
-2.3203479862471017
0.7126262694578127
-0.017512318397106208
-2.3203479862471017
0.7126262694578127
-0.017512318397106208
-2.3203479862471017
0.7126262694578127
-0.017512318397106208
-2.3203479862471017
0.7126262694578127
-0.017512318397106208
-2.3203479862471017
0.7126262694578127
-0.017512318397106208
-2.3203479862471017
0.7126262694578127
-0.017512318397106208
-2.3203479862471017
0.7126262694578127
-0.017512318397106208
-2.3203479862471017
0.7126262694578127
-0.017512318397106208
-2.3203479862471017
0.7126262694578127
-0.017512318397106208
-2.3203479862471017
0.7126262694578127
-0.017512318397106208
-2.3203479862471017
0.7126262694578127
-0.017512318397106208
-2.3203479862471017
0.7126262694578127
-0.017512318397106208
-2.3203479862471017
0.7126262694578127
-0.017512318397106208
-2.3203479862471017
0.7126262694578127
-0.017512318397106208
-2.3203479862471017
0.7126262694578127
-0.017512318397106208
-2.3203479862471017
0.7126262694578127
-0.017512318397106208
-2.3203479862471017
0.7126262694578127
-0.017512318397106208
-2.3203479862471017
0.7126262694578127
-0.017512318397106208
-2.3203479862471017
0.7126262694578127
-0.017512318397106208
-2.3203479862471017
0.7126262694578127
-0.017512318397106208
-2.3203479862471017
0.7126262694578127
-0.017512318397106208
-2.3203479862471017
0.7126262694578127
-0.017512318397106208
-2.3203479862471017
0.7126262694578127
-0.017512318397106208
-2.3203479862471017
0.7126262694578127
-0.017512318397106208
-2.3203479862471017
0.7126262694578127
-0.017512318397106208
-2.3203479862471017
0.7126262694578127
-0.017512318397106208
-2.3203479862471017
0.7126262694578127
-0.017512318397106208
-2.3203479862471017
0.7126262694578127
-0.017512318397106208
-2.3203479862471017
0.7126262694578127
-0.017512318397106208
-2.3203479862471017
0.7126262694578127
-0.017512318397106208
-2.3203479862471017
0.7126262694578127
-0.017512318397106208
-2.3203479862471017
0.7126262694578127
-0.017512318397106208
-2.3203479862471017
0.7126262694578127
-0.017512318397106208
-2.3203479862471017
0.7126262694578127
-0.017512318397106208
-2.3203479862471017
0.7126262694578127
-0.017512318397106208
-2.3203479862471017
0.7126262694578127
-0.017512318397106208
-2.3203479862471017
0.7126262694578127
-0.017512318397106208
-2.3203479862471017
0.7126262694578127
-0.017512318397106208
-2.3203479862471017
0.7126262694578127
-0.017512318397106208
-2.3203479862471017
0.7126262694578127
-0.017512318397106208
-2.3203479862471017
0.7126262694578127
-0.017512318397106208
-2.3203479862471017
0.7126262694578127
-0.017512318397106208
-2.3203479862471017
0.7126262694578127
-0.017512318397106208
-2.3203479862471017
0.7126262694578127
-0.017512318397106208
-2.3203479862471017
0.7126262694578127
-0.017512318397106208
-2.3203479862471017
0.7126262694578127
-0.017512318397106208
-2.3203479862471017
0.7126262694578127
-0.017512318397106208
-2.3203479862471017
0.7126262694578127
-0.017512318397106208
-2.3203479862471017
0.7126262694578127
-0.017512318397106208
-2.3203479862471017
0.7126262694578127
-0.017512318397106208
-2.3203479862471017
0.7126262694578127
-0.017512318397106208
-2.3203479862471017
0.7126262694578127
-0.017512318397106208
-2.3203479862471017
0.7126262694578127
-0.017512318397106208
-2.3203479862471017
0.7126262694578127
-0.017512318397106208
-2.3203479862471017
0.7126262694578127
-0.017512318397106208
-2.3203479862471017
0.7126262694578127
-0.017512318397106208
-2.3203479862471017
0.7126262694578127
-0.017512318397106208
-2.3203479862471017
0.7126262694578127
-0.017512318397106208
-2.3203479862471017
0.7126262694578127
-0.017512318397106208
-2.3203479862471017
0.7126262694578127
-0.017512318397106208
-2.3203479862471017
0.7126262694578127
-0.017512318397106208
-2.3203479862471017
0.7126262694578127
-0.017512318397106208
-2.3203479862471017
0.7126262694578127
-0.017512318397106208
-2.3203479862471017
0.7126262694578127
-0.017512318397106208
-2.3203479862471017
0.7126262694578127
-0.017512318397106208
-2.3203479862471017
0.7126262694578127
-0.017512318397106208
-2.3203479862471017
0.7126262694578127
-0.017512318397106208
-2.3203479862471017
0.7126262694578127
-0.017512318397106208
-2.3203479862471017
0.7126262694578127
-0.017512318397106208
-2.3203479862471017
0.7126262694578127
-0.017512318397106208
-2.3203479862471017
0.7126262694578127
-0.017512318397106208
-2.3203479862471017
0.7126262694578127
-0.017512318397106208
-2.3203479862471017
0.7126262694578127
-0.017512318397106208
-2.3203479862471017
0.7126262694578127
-0.017512318397106208
-2.3203479862471017
0.7126262694578127
-0.017512318397106208
-2.3203479862471017
0.7126262694578127
-0.017512318397106208
-2.3203479862471017
0.7126262694578127
-0.017512318397106208
-2.3203479862471017
0.7126262694578127
-0.017512318397106208
-2.3203479862471017
0.7126262694578127
-0.017512318397106208
-2.3203479862471017
0.7126262694578127
-0.017512318397106208
-2.3203479862471017
0.7126262694578127
-0.017512318397106208
-2.3203479862471017
0.7126262694578127
-0.017512318397106208
-2.3203479862471017
0.7126262694578127
-0.017512318397106208
-2.3203479862471017
0.7126262694578127
-0.017512318397106208
-2.3203479862471017
0.7126262694578127
-0.017512318397106208
-2.3203479862471017
0.7126262694578127
-0.017512318397106208
-2.3203479862471017
