-1.4638529633233552
0.09086422743623215
-3.0317496424095864
-1.446066879242166
0.10414641076290623
-3.0412488212994067
-1.3315691697164214
0.12181877003664182
-3.119378817297374
-1.4817480930580436
0.038510832337526286
-3.0221771787688745
-1.3719280371628606
0.04466533950021322
-3.06764665416711
-1.4663243329760036
0.032347255844899094
-2.992377469601339
-1.2046202826309347
0.13588839126906732
-3.2594152773756324
-1.3621094735904826
0.16262535716373341
-3.0565999812786835
-1.4046659142008702
-0.015558981351667492
-3.013443351209799
-1.2562478469925245
-0.2750878779730328
-3.2231815532604284
-1.1083907002688678
0.24362146078220354
-3.236697806164623
-1.206614392178906
0.04556885644581467
-3.158439813344884
-1.3338584526351285
0.02052790326411647
-3.105052999526197
-1.2802843763337335
0.11916120403715079
-3.150758121128792
-1.2588641188150365
0.12530714939958285
-3.1277409613834815
-1.3128763560959822
0.03613312393936465
-3.074553941162951
-1.1706391721811953
0.017293117452621697
-3.161887810382153
-1.1643597302413362
0.037051835983350295
-3.1621136668907575
-1.2967776229907382
0.05085956650642585
-3.0755354807377344
-1.3008221805849107
0.17914630532864292
-3.094505396404012
-1.2276888337670735
0.11663685330712023
-3.0967218980729174
-1.2640117445314993
-0.008124432472802237
-3.0857905991111028
-1.1968677929511191
0.11349134016258763
-3.108223293600905
-1.1304735798728887
0.04437197178435879
-3.163658905348886
-1.248343134910935
0.0289076191887604
-3.0548228543418374
-1.3082358897808115
-0.041670650881287116
-3.061260932529552
-1.1163051006981328
0.04153795841578676
-3.1640290515651763
-1.1307711142875603
0.037183256751518366
-3.1878060224093367
-1.1216038149428718
0.2090474769145512
-3.145183168664274
-1.0476642501586426
0.1407939188756672
-3.2063439131636677
-1.038160920044044
0.14170740336502743
-3.2428160354925675
-1.0346868956986057
0.14198118708649193
-3.2427392650125784
-1.1005279655119435
0.21514159582773262
-3.1438037587940526
-1.1416231717464624
-0.025354713263678795
-3.1160242318664992
-1.2246455051424125
0.017217843989485896
-3.1093740482159538
-1.2246455051424125
0.017217843989485896
-3.1093740482159538
-1.2678471457000102
0.08396209011257395
-3.0235743717809385
-1.0658641773926614
0.04286611593851636
-3.163146244831057
-1.2574483227577393
-0.04585555637003917
-3.028173109399948
-1.0586082691834444
0.03492175701356865
-3.12854153653393
-1.2527319213347157
-0.043513126557775096
-3.028020820882145
-1.133486019116856
0.11467996808132809
-3.095694695401005
-1.0464384670120774
0.04337193786723481
-3.1618369354031053
-0.9866054777591491
0.15123432197701328
-3.202097639264738
-0.9866054777591491
0.15123432197701328
-3.202097639264738
-0.910607802904838
-0.17519334888707377
-3.2134949231238252
-1.0927771566895585
-0.05232402148733851
-3.078364379920504
-1.0332290306811336
0.038008841351999986
-3.126044631313896
-0.9541176517477803
0.1468274439013085
-3.142020804202671
-1.1679395750650783
0.1602255249578833
-3.005257057224087
-1.0184346393034098
0.03426828029101427
-3.1590145898755386
-1.1600677471217617
0.16096158625563992
-3.003909982738867
-1.099539534740224
0.11413304124492288
-3.0914880416997432
-1.0957924899023395
0.12027738003549633
-3.090303050716804
-1.0021808985267806
0.03132215864264024
-3.1567022103944034
-1.0243287645366792
0.19566687772895489
-3.1020326330753254
-1.1364370806243542
0.025024642563740564
-3.0473694997699967
-0.9025997269813936
-0.07778818486868315
-3.1814727194817305
-1.0550024256289945
-0.06366434850137322
-3.071805099510337
-0.9674683116622699
0.05907921774732465
-3.132588750474424
-1.1252499072856559
0.022367100607291263
-3.045167582958314
-1.0009255507295434
0.2169347514139228
-3.13171055995126
-1.0470248839314118
-0.058265752489955615
-3.0706760333237417
-0.9765575009241554
0.028465464780174483
-3.1520501877126725
-0.9596180093587819
0.029839037309386952
-3.095135665909591
-1.0248429524262477
0.11340415269665939
-3.04195411501896
-0.9943050058308778
0.22053711439530777
-3.0940587204299317
-0.988259079393695
0.18776532400820226
-3.0956138286607593
-0.8891129645322882
0.14014313021448882
-3.130980978220293
-1.1010934628809979
0.02253572612331066
-3.0394161309026626
-1.0290526010283376
0.08848609740297791
-3.0597118306924127
-0.9405306795206344
0.030143882635110794
-3.090788738019036
-1.023959514191285
0.08873667759399939
-3.0583428907570656
-0.9332610160339702
0.03359319553250143
-3.088928893435938
-0.8622661513704162
-0.07175583290010694
-3.133848786010363
-0.9277133480179663
0.02698708575235832
-3.08762336073269
-1.008556220001046
-0.0670703617131678
-3.0605574704776624
-1.0120914393044198
0.08627708510751335
-3.0553139463908905
-0.6365859893151441
-0.10835200495665098
-3.2360899997619335
-0.6365859893151441
-0.10835200495665098
-3.2360899997619335
-1.002111021681349
0.0836725934645031
-3.0527005545900994
-1.002111021681349
0.0836725934645031
-3.0527005545900994
-1.0103638980635987
-0.04837097222107549
-3.1117896957746973
-0.9867288546593437
-0.1010667251679013
-3.0869696006440814
-1.0682454374846526
-0.00990474651191284
-2.998242457878071
-1.0682454374846526
-0.00990474651191284
-2.998242457878071
-1.0682454374846526
-0.00990474651191284
-2.998242457878071
-1.0682454374846526
-0.00990474651191284
-2.998242457878071
-0.8944434293115964
0.020485716920390248
-3.0786599342524514
-0.8910184285008244
0.02050480643942094
-3.077698399236642
-0.9815219528968699
0.08453355044516288
-3.046443202640703
-0.8875961675805056
0.020523929723825992
-3.0767375531161885
-0.9305149658024227
0.19499083436299708
-3.0771158345373384
-0.9305149658024227
0.19499083436299708
-3.0771158345373384
-1.1637809497963088
0.008568418266160819
-2.920408155479606
-0.6744751031566862
0.035157900385118
-3.1819348682023447
-0.8962955090272733
0.1977127387649077
-3.051739618977875
-0.8720940499275981
0.017084917516579423
-3.0724755301337976
-0.6632778495806178
0.030640018668815428
-3.17950856420952
-0.9885656119975094
0.2551652537842028
-3.0118327637821856
-0.8849299396698107
0.21212292924429607
-3.048360872597488
-1.0132617449175252
0.009819032817300222
-2.9664839809194947
-1.057590785202055
0.17400225350549203
-3.056737599505161
-0.8547388026523718
0.017134870442769234
-3.067791618780064
-0.8547388026523718
0.017134870442769234
-3.067791618780064
-0.6380840199707623
0.021217239786903017
-3.174222782208399
-0.8479225327536627
0.028017930435324113
-3.065834513871013
-0.8708594701378203
0.20538991721428534
-3.042765490015625
-0.8406243658637409
0.0208378687709976
-3.0641132777779574
-0.8294955256615478
-0.19241935025041743
-3.0291460615722854
-0.8294955256615478
-0.19241935025041743
-3.0291460615722854
-0.8294955256615478
-0.19241935025041743
-3.0291460615722854
-0.7592091786256464
-0.10116074392718827
-3.1030755110668493
-0.7592091786256464
-0.10116074392718827
-3.1030755110668493
-0.9990094912329655
-0.007587445581004415
-2.9755732909596917
-0.847748338047586
0.22478424872966613
-3.0353790230813207
-1.004052915789478
0.16595536101873876
-2.9911384707722495
-1.004052915789478
0.16595536101873876
-2.9911384707722495
-0.8091272575717007
0.024927213419927704
-3.056768410336844
-0.8032159401974359
0.0212248602366618
-3.055596863756597
-0.6974204695988668
-0.11478859165153998
-3.0762006614281185
-0.7973051986903851
0.02130011088026506
-3.0544043148062894
-0.8940166259341238
-0.08493101917368324
-2.9916815915735966
-0.5586004814831567
0.04033612614055903
-3.15903361990145
-0.5586004814831567
0.04033612614055903
-3.15903361990145
-0.4404412695029896
0.17164176429446665
-3.162405135477366
-0.5758802670779641
-0.007062562707188417
-3.1742193161889993
-0.9336001124432594
0.012683881041015616
-2.9465817454535017
-0.9336001124432594
0.012683881041015616
-2.9465817454535017
-0.6812624493755003
0.14114592681553892
-3.1750323011347956
-0.6812624493755003
0.14114592681553892
-3.1750323011347956
-0.5052431968802272
0.044026789281479885
-3.1516115878528415
-0.6654665626213115
-0.09522534991425538
-3.0856275167420164
-0.9082184697918657
0.012790361976256232
-2.942213766620592
-0.47897802242723486
0.04627933041812211
-3.1485132689227564
-0.4733006742775175
0.060377803752177085
-3.147221214938311
-0.626139569592451
0.17758866361144662
-3.1106919846156385
-0.45754893762404747
0.04136250177605539
-3.1464895735045384
-0.45754893762404747
0.04136250177605539
-3.1464895735045384
-0.44358149396685614
0.049914559339231425
-3.1447643950258133
-0.7519895471236389
0.24495722037060186
-3.0644035409759174
-0.8105377088341776
-0.0884399096446775
-2.977440435207805
-0.42017354640576554
0.04513696436870937
-3.1428297657281714
-0.6921254629994525
0.026077258375066394
-3.0937164788974933
-0.6796565907047809
0.01061980248985867
-3.038350912897367
-0.6796565907047809
0.01061980248985867
-3.038350912897367
-0.6664651251241224
0.02397063217505011
-3.037042292037246
-0.36936652845246887
0.03448815362217124
-3.138980535372167
-0.895886482313216
0.1958244865610183
-3.0181799601110337
-0.6495003433187261
0.019981112379546088
-3.0358150676120657
-0.4927194689920097
0.3736511844051168
-3.071319416197576
-0.6846302648094414
0.2472909206594453
-3.0027671265830707
-0.6321620223705767
0.024986970391130715
-3.0345699861879813
-0.5365794155257022
0.38339114408132996
-3.0513878387702382
-0.6199894654720772
0.02075779653167458
-3.033905747996434
-0.6199894654720772
0.02075779653167458
-3.033905747996434
-0.7343156552745387
0.0966715474839821
-3.001750546197595
-0.7178972863591446
-0.12366051915968687
-3.0028140249530932
-0.7178972863591446
-0.12366051915968687
-3.0028140249530932
-0.7178972863591446
-0.12366051915968687
-3.0028140249530932
-0.45831952204931575
0.23497902529906056
-3.0899014331074586
-0.06051470226489113
0.583168486902271
-3.085319325502246
-0.06051470226489113
0.583168486902271
-3.085319325502246
-0.2646579648991297
0.4687132577702279
-3.0786228204710993
-0.26041729402920577
0.5019437896803384
-3.126336530870532
0.25854680957050247
0.6556588056706217
-3.035964802812091
0.25854680957050247
0.6556588056706217
-3.035964802812091
0.25854680957050247
0.6556588056706217
-3.035964802812091
0.25854680957050247
0.6556588056706217
-3.035964802812091
0.25854680957050247
0.6556588056706217
-3.035964802812091
0.25854680957050247
0.6556588056706217
-3.035964802812091
-0.22260675601474905
0.5244474833489716
-3.050345512018675
-0.22260675601474905
0.5244474833489716
-3.050345512018675
-0.5857065925982419
0.25958508695480076
-3.0096060899309176
-0.7191986540127467
0.005969849281691649
-2.9800494561584454
-0.5411488470522247
0.4624013594314683
-2.965771435693435
-0.44756616649122527
0.016105944176580993
-3.0282417870374156
-0.5948577842454813
0.17021424818156217
-2.992204508663917
-0.4253494876902118
0.026956014920726055
-3.0825890001500476
-0.4253494876902118
0.026956014920726055
-3.0825890001500476
-0.4253494876902118
0.026956014920726055
-3.0825890001500476
-0.781709070375701
-0.07269733803260027
-2.952112145145174
-0.5614024854883163
0.10238576555638992
-2.996073747076286
-0.37600171099576146
0.019474250703173573
-3.026934376789032
-0.42764874077507764
-0.07797368934095428
-3.0400322201106165
-0.07785314882811326
0.01180743226293111
-3.093490656621735
-0.32703127128667553
0.3450405414457106
-3.0690671451389244
-0.6337407592825404
0.003252235900342191
-2.9800756000808644
-0.3159364175400313
0.012398849964153049
-3.0807508951228995
-0.6430598098184398
0.3827435739124496
-2.948724168764658
-0.6117935349858261
-0.0002171963533560256
-2.9803345444136142
-0.6117935349858261
-0.0002171963533560256
-2.9803345444136142
-0.4867450010554475
0.20617360815261138
-2.9871129643361733
-0.25504199405137223
0.006660458003807765
-3.0790143037925035
0.1586932989870709
-0.22982471682277003
-3.046955592935369
-0.2325496372987379
0.008247414688965206
-3.078074844255226
-0.3572365751508028
-0.4122523588681715
-2.9884401012059247
-0.3572365751508028
-0.4122523588681715
-2.9884401012059247
-0.36809550043068695
0.04603143158479086
-3.0496600121095354
-0.5366319793761484
0.0006166328562320265
-2.9816397580868945
-0.5366319793761484
0.0006166328562320265
-2.9816397580868945
-0.523213264360231
0.008415341338857038
-2.981902819820003
-0.6544699344845109
-0.13678830851033905
-2.9502822605461536
-0.6544699344845109
-0.13678830851033905
-2.9502822605461536
-0.6544699344845109
-0.13678830851033905
-2.9502822605461536
-0.6544699344845109
-0.13678830851033905
-2.9502822605461536
-0.6544699344845109
-0.13678830851033905
-2.9502822605461536
-0.6544699344845109
-0.13678830851033905
-2.9502822605461536
-0.47093722475074096
0.0014239269312542589
-2.9831232916825705
-0.46647779001963874
-0.008429305287519175
-3.036683818071114
-0.04549217721173454
0.4550817359096517
-3.0096990613184396
-0.35001419131591566
0.46589454249579043
-2.9745658268929285
-0.35001419131591566
0.46589454249579043
-2.9745658268929285
-0.01614435857446749
0.6604114657983862
-2.9751591015504593
0.3068831144005169
0.24693070580812632
-3.0024625481319025
0.31348355771296055
-0.25999590940389816
-2.998862680934559
0.5838474692008466
-0.07198427471405931
-2.979353443141048
0.5838474692008466
-0.07198427471405931
-2.979353443141048
0.5838474692008466
-0.07198427471405931
-2.979353443141048
0.5838474692008466
-0.07198427471405931
-2.979353443141048
0.5838474692008466
-0.07198427471405931
-2.979353443141048
0.21141794452594337
-0.36232501559137253
-3.015482932594779
-0.028311461381992132
0.007021217550992733
-3.0503356133038455
0.09129294277930768
-0.23863577181167703
-3.0346657051842625
-0.33456807185649745
-0.0007705134516716517
-2.986358995637951
-0.004109728769560299
0.09565374911948464
-3.0441964315490293
-0.04763571989016754
-0.0009580221615084121
-3.045124303176045
-0.2417070462944076
0.38822517829711145
-2.9982904114582953
-0.20702589593726287
0.24023572213658184
-2.9841447679342945
-0.29218128955843387
-0.00023915305107573325
-2.9872505228378268
-0.29218128955843387
-0.00023915305107573325
-2.9872505228378268
-0.5406877551782897
0.1508703974644666
-2.9675811477434597
-0.2648259737311959
9.292914025538104e-05
-2.9877725180028842
0.1876729648712176
-0.41350330484065767
-2.992946975700643
-0.007248928165091343
-0.4819188426284999
-2.971934506079564
-0.24338030814295794
0.002478254546333383
-3.0415349591655594
-0.5893545223434528
-0.0023366174117188934
-2.9403206586091777
-0.5893545223434528
-0.0023366174117188934
-2.9403206586091777
-0.47456756952728496
0.20410675602171152
-3.000673146530568
-0.47456756952728496
0.20410675602171152
-3.000673146530568
-0.2592715616799227
0.3729944939767018
-2.960005398865024
-0.19070611423888195
0.007497396837521448
-3.042274694898831
0.23597094763972945
0.17362195667430058
-3.0024578612767425
0.23597094763972945
0.17362195667430058
-3.0024578612767425
-0.1615907002921335
0.009904147143853452
-2.989208511702019
-0.43476249577849635
-0.21140515996773698
-2.9496727635686892
-0.4847566034394468
-0.167181578700531
-2.968065854668606
-0.4244135467617925
-0.40633571752021314
-2.9328959818588762
-0.4244135467617925
-0.40633571752021314
-2.9328959818588762
-0.4244135467617925
-0.40633571752021314
-2.9328959818588762
-0.4244135467617925
-0.40633571752021314
-2.9328959818588762
-0.4244135467617925
-0.40633571752021314
-2.9328959818588762
-0.4244135467617925
-0.40633571752021314
-2.9328959818588762
-0.4244135467617925
-0.40633571752021314
-2.9328959818588762
-0.09107541240693383
-0.8662460744356355
-2.8624413357287892
-0.09107541240693383
-0.8662460744356355
-2.8624413357287892
-0.09107541240693383
-0.8662460744356355
-2.8624413357287892
-0.09107541240693383
-0.8662460744356355
-2.8624413357287892
-0.09107541240693383
-0.8662460744356355
-2.8624413357287892
-0.09107541240693383
-0.8662460744356355
-2.8624413357287892
-0.09107541240693383
-0.8662460744356355
-2.8624413357287892
-0.09107541240693383
-0.8662460744356355
-2.8624413357287892
-0.09107541240693383
-0.8662460744356355
-2.8624413357287892
0.2269215705124809
-0.4247649744951565
-2.9990698323272094
0.2269215705124809
-0.4247649744951565
-2.9990698323272094
0.2269215705124809
-0.4247649744951565
-2.9990698323272094
0.009260457596611154
0.004211280652138522
-2.989600803024153
0.014852750816053008
-0.004605010923870502
-3.042930642679665
0.014852750816053008
-0.004605010923870502
-3.042930642679665
0.5321556800683378
0.004556321576530289
-2.944700439496877
0.5321556800683378
0.004556321576530289
-2.944700439496877
0.5321556800683378
0.004556321576530289
-2.944700439496877
0.5321556800683378
0.004556321576530289
-2.944700439496877
0.5321556800683378
0.004556321576530289
-2.944700439496877
0.5321556800683378
0.004556321576530289
-2.944700439496877
0.5401610350605748
0.005851945079244872
-2.9437843019428094
0.08740944370358811
0.0017306193008005367
-2.989644557114408
0.08740944370358811
0.0017306193008005367
-2.989644557114408
0.08740944370358811
0.0017306193008005367
-2.989644557114408
0.4213852614321684
0.4116546571946121
-2.9308542675772933
0.4213852614321684
0.4116546571946121
-2.9308542675772933
0.2599990228568682
0.17899732226468248
-2.9953707979584596
-0.2199527682116845
0.20067916737673056
-2.9986029918728
0.1446226086270215
-0.004857151753787318
-2.989258668177474
0.15313748890152296
0.002262396694412571
-3.042537047399859
0.3932954902592953
0.36024008495876125
-2.9236087269479363
0.3932954902592953
0.36024008495876125
-2.9236087269479363
0.17330318289950808
0.0007806941068466711
-2.9889249731692242
0.17330318289950808
0.0007806941068466711
-2.9889249731692242
0.17330318289950808
0.0007806941068466711
-2.9889249731692242
0.17330318289950808
0.0007806941068466711
-2.9889249731692242
0.17330318289950808
0.0007806941068466711
-2.9889249731692242
0.017950064330728925
-0.49523272123651657
-2.9650316028279464
0.017950064330728925
-0.49523272123651657
-2.9650316028279464
0.017950064330728925
-0.49523272123651657
-2.9650316028279464
0.017950064330728925
-0.49523272123651657
-2.9650316028279464
0.23854717388673186
-0.0013069833160913136
-2.987854880014301
0.5954218648060907
0.004134144995185351
-2.9394653689480132
0.27501617289082386
-0.3460251638353299
-2.9676668975949663
0.27501617289082386
-0.3460251638353299
-2.9676668975949663
0.27501617289082386
-0.3460251638353299
-2.9676668975949663
0.20759952554020142
-0.7575875510616116
-2.9013634001243336
-0.18180232452842493
-0.40856413986438406
-2.99614745183369
-0.18180232452842493
-0.40856413986438406
-2.99614745183369
0.018085986381733803
-0.5144295052541936
-3.13987703774147
0.021934678263836497
-0.9426349050812384
-2.8893579462762653
0.021934678263836497
-0.9426349050812384
-2.8893579462762653
0.018550028372894302
-0.4628171808214262
-2.979898130649989
0.018550028372894302
-0.4628171808214262
-2.979898130649989
0.37498168483147426
-0.09558603028162675
-2.9980940883962512
0.02158035838751738
-0.450315123947076
-2.985301236497301
-0.11184402814134962
-0.6531583853348378
-2.967257664027449
-0.11184402814134962
-0.6531583853348378
-2.967257664027449
-0.11184402814134962
-0.6531583853348378
-2.967257664027449
-0.11184402814134962
-0.6531583853348378
-2.967257664027449
-0.11184402814134962
-0.6531583853348378
-2.967257664027449
-0.11184402814134962
-0.6531583853348378
-2.967257664027449
-0.21206503134627935
-0.36179648121558977
-2.9590468465514475
-0.21206503134627935
-0.36179648121558977
-2.9590468465514475
-0.21206503134627935
-0.36179648121558977
-2.9590468465514475
-0.21206503134627935
-0.36179648121558977
-2.9590468465514475
-0.21206503134627935
-0.36179648121558977
-2.9590468465514475
-0.4882439236681066
-0.47654120411640566
-2.919968692820781
-0.12553852375379587
-0.5829995986580204
-2.950956048865323
-0.12553852375379587
-0.5829995986580204
-2.950956048865323
-0.12553852375379587
-0.5829995986580204
-2.950956048865323
-0.3402899281231356
-0.4966864410401529
-2.94152152826628
-0.20188467433534793
-0.5516728306667005
-2.962135086345683
-0.07035679557157715
-0.37014355502283747
-3.0026666256973704
0.35017184490750364
-0.2578058630339639
-2.979649145169218
0.35017184490750364
-0.2578058630339639
-2.979649145169218
0.35017184490750364
-0.2578058630339639
-2.979649145169218
0.35017184490750364
-0.2578058630339639
-2.979649145169218
0.15916929297583826
0.13084860964481745
-3.0130159397166616
-0.16915356904169637
0.43149965367951054
-2.986527348711102
-0.16915356904169637
0.43149965367951054
-2.986527348711102
-0.04714476946512473
0.542941315244675
-2.984403721214024
-0.04714476946512473
0.542941315244675
-2.984403721214024
-0.23651516629838745
0.45066281362316474
-3.012382416070857
0.2878342303576452
0.5912829692415091
-2.957108252331085
0.4732264354805262
0.3460168497512217
-2.98180935213135
0.4732264354805262
0.3460168497512217
-2.98180935213135
0.5073718555964373
0.14318475244423362
-2.990518700199358
0.26931128681476196
0.413412497116369
-2.97536442705163
0.5268183835313104
0.21723365756407217
-2.9838313186090675
0.5268183835313104
0.21723365756407217
-2.9838313186090675
0.5268183835313104
0.21723365756407217
-2.9838313186090675
0.5268183835313104
0.21723365756407217
-2.9838313186090675
0.3856780022284001
0.05056431079116481
-3.0239555707386545
-0.052620020587262166
-0.49656873616424685
-3.116482062515783
-0.052620020587262166
-0.49656873616424685
-3.116482062515783
-0.052620020587262166
-0.49656873616424685
-3.116482062515783
-0.052620020587262166
-0.49656873616424685
-3.116482062515783
-0.052620020587262166
-0.49656873616424685
-3.116482062515783
-0.34092056007413624
-0.2690708846070071
-3.04675632390333
-0.43892229431336005
0.013535832948100552
-3.006764613958527
-0.9238920324894276
-0.03316440524214975
-2.922744279646518
-0.6161796975551543
0.08025938564771015
-2.9781686721915808
-0.6161796975551543
0.08025938564771015
-2.9781686721915808
-0.6161796975551543
0.08025938564771015
-2.9781686721915808
-0.35672718703936085
0.13987626103371745
-3.0756324467080356
-0.35672718703936085
0.13987626103371745
-3.0756324467080356
-0.3750497883961556
0.13338801669466305
-3.022391519499614
-0.5301690290448766
-0.002360728839190993
-3.00804748428718
-0.8485601632841955
0.025244777253575285
-2.881491736491639
-0.8485601632841955
0.025244777253575285
-2.881491736491639
-0.8485601632841955
0.025244777253575285
-2.881491736491639
-0.5880653920292837
-0.4199259152531461
-2.944503158397275
-0.5880653920292837
-0.4199259152531461
-2.944503158397275
-0.5880653920292837
-0.4199259152531461
-2.944503158397275
-0.5880653920292837
-0.4199259152531461
-2.944503158397275
-0.5078392451400066
-0.21840240206206515
-3.011567031742672
-0.5078392451400066
-0.21840240206206515
-3.011567031742672
-0.5078392451400066
-0.21840240206206515
-3.011567031742672
-0.7397724137828637
-0.13233214868295667
-2.9263033765771413
-0.8432322228776006
-0.0480231908705105
-2.960090356198493
-0.8432322228776006
-0.0480231908705105
-2.960090356198493
-0.8432322228776006
-0.0480231908705105
-2.960090356198493
-0.6497811513052975
-0.017119677344290575
-2.9611595992353354
-0.6497811513052975
-0.017119677344290575
-2.9611595992353354
-0.6023095452382216
-0.209809540703931
-2.984653032973613
-0.6023095452382216
-0.209809540703931
-2.984653032973613
-0.6023095452382216
-0.209809540703931
-2.984653032973613
-0.6858073463774836
-0.019650100571159353
-2.9637060114128273
-0.7157473197149354
-0.054767997321880466
-2.979749871832863
-0.9614487147307265
0.04102215069769163
-2.8894138388106825
-0.9614487147307265
0.04102215069769163
-2.8894138388106825
-0.9614487147307265
0.04102215069769163
-2.8894138388106825
-0.9614487147307265
0.04102215069769163
-2.8894138388106825
-0.6355180504275202
-0.17290603868537935
-3.030068230097205
-0.6355180504275202
-0.17290603868537935
-3.030068230097205
-0.6355180504275202
-0.17290603868537935
-3.030068230097205
-0.6355180504275202
-0.17290603868537935
-3.030068230097205
-0.6355180504275202
-0.17290603868537935
-3.030068230097205
-0.6355180504275202
-0.17290603868537935
-3.030068230097205
-0.6355180504275202
-0.17290603868537935
-3.030068230097205
-0.6355180504275202
-0.17290603868537935
-3.030068230097205
-0.6355180504275202
-0.17290603868537935
-3.030068230097205
-0.6725194362704191
0.06348673450777186
-2.9962545171223582
-0.6725194362704191
0.06348673450777186
-2.9962545171223582
-0.6725194362704191
0.06348673450777186
-2.9962545171223582
-0.6725194362704191
0.06348673450777186
-2.9962545171223582
-0.44757436877586787
0.09830753271620729
-3.160379243729946
-0.44757436877586787
0.09830753271620729
-3.160379243729946
-0.44757436877586787
0.09830753271620729
-3.160379243729946
-0.44757436877586787
0.09830753271620729
-3.160379243729946
-0.44757436877586787
0.09830753271620729
-3.160379243729946
-0.44757436877586787
0.09830753271620729
-3.160379243729946
-0.44757436877586787
0.09830753271620729
-3.160379243729946
-0.44757436877586787
0.09830753271620729
-3.160379243729946
-0.44757436877586787
0.09830753271620729
-3.160379243729946
-0.44757436877586787
0.09830753271620729
-3.160379243729946
-0.44757436877586787
0.09830753271620729
-3.160379243729946
-0.44757436877586787
0.09830753271620729
-3.160379243729946
-0.44757436877586787
0.09830753271620729
-3.160379243729946
-0.44757436877586787
0.09830753271620729
-3.160379243729946
-0.44757436877586787
0.09830753271620729
-3.160379243729946
-0.44757436877586787
0.09830753271620729
-3.160379243729946
-0.44757436877586787
0.09830753271620729
-3.160379243729946
-0.44757436877586787
0.09830753271620729
-3.160379243729946
-0.44757436877586787
0.09830753271620729
-3.160379243729946
-0.5325622337658712
0.10955910122186147
-3.1696909820349775
-0.5325622337658712
0.10955910122186147
-3.1696909820349775
-0.5325622337658712
0.10955910122186147
-3.1696909820349775
-0.5325622337658712
0.10955910122186147
-3.1696909820349775
-0.5325622337658712
0.10955910122186147
-3.1696909820349775
-0.5325622337658712
0.10955910122186147
-3.1696909820349775
-0.5325622337658712
0.10955910122186147
-3.1696909820349775
-0.5325622337658712
0.10955910122186147
-3.1696909820349775
-0.5325622337658712
0.10955910122186147
-3.1696909820349775
-0.5325622337658712
0.10955910122186147
-3.1696909820349775
-0.5325622337658712
0.10955910122186147
-3.1696909820349775
-0.577648851143277
-0.33679428080463747
-3.19081463030265
-0.577648851143277
-0.33679428080463747
-3.19081463030265
-0.577648851143277
-0.33679428080463747
-3.19081463030265
-0.577648851143277
-0.33679428080463747
-3.19081463030265
-0.577648851143277
-0.33679428080463747
-3.19081463030265
-0.577648851143277
-0.33679428080463747
-3.19081463030265
-0.8122431103583578
-0.1278436728340104
-3.0671489814837423
-0.8122431103583578
-0.1278436728340104
-3.0671489814837423
-0.8175083920115822
-0.12377898815986071
-3.06898858634226
-0.8175083920115822
-0.12377898815986071
-3.06898858634226
-0.8175083920115822
-0.12377898815986071
-3.06898858634226
-0.8175083920115822
-0.12377898815986071
-3.06898858634226
-0.8175083920115822
-0.12377898815986071
-3.06898858634226
-0.8175083920115822
-0.12377898815986071
-3.06898858634226
-0.8175083920115822
-0.12377898815986071
-3.06898858634226
-0.8175083920115822
-0.12377898815986071
-3.06898858634226
-0.8175083920115822
-0.12377898815986071
-3.06898858634226
-0.8175083920115822
-0.12377898815986071
-3.06898858634226
-0.8175083920115822
-0.12377898815986071
-3.06898858634226
-0.8175083920115822
-0.12377898815986071
-3.06898858634226
-0.8175083920115822
-0.12377898815986071
-3.06898858634226
-0.8175083920115822
-0.12377898815986071
-3.06898858634226
-0.8175083920115822
-0.12377898815986071
-3.06898858634226
-0.8175083920115822
-0.12377898815986071
-3.06898858634226
-0.8175083920115822
-0.12377898815986071
-3.06898858634226
-0.8175083920115822
-0.12377898815986071
-3.06898858634226
-0.8175083920115822
-0.12377898815986071
-3.06898858634226
-0.8834896043804369
-0.11467334409296685
-3.100192116419122
-0.8834896043804369
-0.11467334409296685
-3.100192116419122
-0.8834896043804369
-0.11467334409296685
-3.100192116419122
-0.9698980644622566
-0.1849368816140472
-3.0133947686377613
-0.9698980644622566
-0.1849368816140472
-3.0133947686377613
-0.9698980644622566
-0.1849368816140472
-3.0133947686377613
-0.9698980644622566
-0.1849368816140472
-3.0133947686377613
-0.9698980644622566
-0.1849368816140472
-3.0133947686377613
-0.9698980644622566
-0.1849368816140472
-3.0133947686377613
-0.9698980644622566
-0.1849368816140472
-3.0133947686377613
-0.9698980644622566
-0.1849368816140472
-3.0133947686377613
-0.9698980644622566
-0.1849368816140472
-3.0133947686377613
-0.9698980644622566
-0.1849368816140472
-3.0133947686377613
-1.0710014298644357
-0.24787057332436827
-2.9801071167808058
-1.0710014298644357
-0.24787057332436827
-2.9801071167808058
-1.0768758014606323
-0.2528932826238952
-2.9802983127200906
-1.0768758014606323
-0.2528932826238952
-2.9802983127200906
-1.0768758014606323
-0.2528932826238952
-2.9802983127200906
-1.0768758014606323
-0.2528932826238952
-2.9802983127200906
-1.0768758014606323
-0.2528932826238952
-2.9802983127200906
-0.7182850926205016
-0.16489031469077278
-3.2538085601007847
-0.7182850926205016
-0.16489031469077278
-3.2538085601007847
-0.7182850926205016
-0.16489031469077278
-3.2538085601007847
-0.7182850926205016
-0.16489031469077278
-3.2538085601007847
-0.7182850926205016
-0.16489031469077278
-3.2538085601007847
-0.7182850926205016
-0.16489031469077278
-3.2538085601007847
-0.7182850926205016
-0.16489031469077278
-3.2538085601007847
-0.7182850926205016
-0.16489031469077278
-3.2538085601007847
-0.7182850926205016
-0.16489031469077278
-3.2538085601007847
-0.7182850926205016
-0.16489031469077278
-3.2538085601007847
-0.7182850926205016
-0.16489031469077278
-3.2538085601007847
-0.7182850926205016
-0.16489031469077278
-3.2538085601007847
-0.7182850926205016
-0.16489031469077278
-3.2538085601007847
-0.7182850926205016
-0.16489031469077278
-3.2538085601007847
-0.7182850926205016
-0.16489031469077278
-3.2538085601007847
-0.7182850926205016
-0.16489031469077278
-3.2538085601007847
-0.7182850926205016
-0.16489031469077278
-3.2538085601007847
-0.7182850926205016
-0.16489031469077278
-3.2538085601007847
-0.7182850926205016
-0.16489031469077278
-3.2538085601007847
-0.7182850926205016
-0.16489031469077278
-3.2538085601007847
-0.7182850926205016
-0.16489031469077278
-3.2538085601007847
-0.7182850926205016
-0.16489031469077278
-3.2538085601007847
-0.7182850926205016
-0.16489031469077278
-3.2538085601007847
-0.7182850926205016
-0.16489031469077278
-3.2538085601007847
