-1.525055763967725
0.09548053183209523
-2.935650383466427
-1.457694094906896
0.029260620756908384
-2.936951199533101
-1.368405075141373
0.03467098597188803
-3.0404209336623853
-1.4708209111528283
0.09536801882420075
-2.8929255673783363
-1.4425360376183103
0.15338313238763765
-2.9622252479423006
-1.4542947864444047
-0.09592864541857297
-3.024812994976523
-1.4844902992733022
0.03271663056364445
-2.849788899186664
-1.417407268095598
0.15566917302907102
-2.967355367017466
-1.4785770868563992
0.14390545300889399
-2.8721227993821876
-1.4235246019902952
0.09692174798254512
-2.903138303960071
-1.4613844741553532
0.02409330045134993
-2.883941858228682
-1.4617169538959167
0.1476516571678142
-2.8751927511275217
-1.4375362236934277
0.03015738458759234
-2.8594452152869345
-1.2979085813773206
-0.0430563544172275
-3.0141665009233205
-1.4302633577376285
0.05368573255766069
-2.890157725316311
-1.4302633577376285
0.05368573255766069
-2.890157725316311
-1.53916159555955
0.05534223639812336
-2.890934972274233
-1.4519655025418297
0.07730774077483639
-2.838212345808587
-1.4519655025418297
0.07730774077483639
-2.838212345808587
-1.4192591393402374
-0.029392810449727854
-2.8245243829545834
-1.1823302385795886
0.03396861288919054
-3.0791689150932426
-1.3478364312558513
0.09550983735532853
-2.938095124400243
-1.3852216738921777
0.14027889568830598
-2.8876422203375784
-1.3202948346853391
0.09525334292727872
-2.919311452889978
-1.032025256230352
0.03681526936353265
-3.179675966239176
-1.406646208587265
0.08607923582887682
-2.843586439204243
-1.3005882337582935
-0.03523056423426878
-2.9250805447837784
-1.2940809622970104
-0.032960526949952176
-2.9257454474326794
-1.3513898786494136
0.15111604217407498
-2.8902063733924663
-1.2416858731146683
0.03522745532449871
-2.9711741540516883
-1.3332007806384174
0.13456231504820385
-2.863097997583146
-1.3271343268490323
-0.08013295467306895
-2.900429880821973
-1.2663238582385818
0.09738526852547255
-2.893324116750312
-1.2845280126990726
0.0987250829279373
-2.9425172160729463
-1.2156276134450044
0.05548333074718432
-2.9717870927965424
-1.2527761339752983
-0.03974751721103092
-2.927354629650755
-1.2481432624725044
0.10011160414533452
-2.9230127504611456
-1.1806987693468671
0.029046078636984753
-2.951477355336156
-1.5438534540333186
-0.13362268943291694
-2.772673279015378
-1.2354275874677643
0.10049074690521537
-2.9228160819843803
-1.2806835060765154
0.04392173665497534
-2.873731778248894
-1.225671743076941
0.09829900719548616
-2.922591784895661
-1.2603378459779366
0.03271492262538839
-2.882829306375953
-1.1526594077390462
0.02946018261425843
-2.9505450981161845
-1.0294055778806857
0.041886417727534826
-3.0518224410908115
-1.20695837402315
0.09778835717989273
-2.892058765323024
-1.20695837402315
0.09778835717989273
-2.892058765323024
-1.093013780050112
0.11704702564508165
-2.9880692042163086
-1.0962720756960442
-0.18803956772566754
-2.9795878139375227
-1.0962720756960442
-0.18803956772566754
-2.9795878139375227
-1.2266698593855554
-0.0837475035224031
-2.8499358639917567
-1.1236184983997035
0.03249093844820129
-2.9479078270478913
-1.1851813299389626
0.10184786926977872
-2.918660293420115
-1.1851813299389626
0.10184786926977872
-2.918660293420115
-1.1290376582617387
0.034501129900265416
-2.9665134613250532
-1.1716414432414848
0.09938592933279736
-2.887436631342111
-1.1053867159813986
0.03277939092285986
-2.976364503612196
-1.1685207285672587
0.10223796634972557
-2.9159116879798517
-1.164826385132832
0.09737050244428996
-2.915511230513981
-1.1591821508019764
-0.041631120164552594
-2.9196764589972704
-1.1736986966452123
0.21750923022329577
-2.893888641046905
-1.2095446633391975
0.028608722345984185
-2.8649243955036825
-1.1511290127693696
0.09780941889070581
-2.8833739023834553
-1.0156305477610796
0.11978339166673348
-2.990222851692741
-1.13067066534259
0.10191181460875888
-2.892121735715281
-1.1450481485380133
0.10273477421385453
-2.9107866946960037
-1.0869217162384075
0.1618559658371454
-2.9252352381323883
-1.0703878312265462
0.03849023739177471
-2.9379994635817552
-1.048871998123257
0.030539652419861594
-2.918609126860639
-0.9978376211193707
0.12095054033534035
-2.9860859412233767
-1.1757837935567326
0.1584443046253718
-2.8279346680832864
-0.9908094328225697
0.11850634220028175
-2.9845870604004316
-1.1089333323314348
0.1028000697086518
-2.886502578039341
-1.0726031457363137
0.025616674652335154
-2.9536579891763823
-1.1001531901018833
0.09681685424144659
-2.8561845475765244
-1.1001531901018833
0.09681685424144659
-2.8561845475765244
-0.9390265466441414
0.19908180031685968
-2.978833877010194
-1.0932577135119157
0.10189747589672514
-2.8537491363336467
-1.1097103385573128
0.10197610377200869
-2.8714366851092863
-0.8179027479178509
-0.06882482438491554
-3.109218461645592
-1.0348567929205614
0.03900932066391806
-2.928062057732573
-1.0466914390522828
0.18774694104165188
-2.911177810737445
-1.1788513021943323
-0.06067145369092214
-2.8956214898422434
-1.0274901721853984
0.03360508329200428
-2.9258106893143516
-1.077484916490783
0.10409916490280474
-2.876912270713266
-1.021668806376055
0.036453082291800123
-2.924004478248102
-1.0667186028911582
-0.041963106480950134
-2.8516484369810744
-0.9417376382461599
-0.048994768254355454
-2.947139979578679
-0.9417376382461599
-0.048994768254355454
-2.947139979578679
-0.9357858666913111
-0.05243541387789394
-2.945068110608943
-0.9421217134812137
0.12211907470741422
-2.9377107622034364
-1.0063716016531932
0.03134730838690922
-2.8889893209764765
-0.9358800815004439
0.1193820986502791
-2.936087715205936
-0.7552947827490117
0.1602992901836477
-3.011363060939508
-1.04767286396219
-0.042934787392406144
-2.8455296756027004
-1.093083669025771
-0.2170295555488263
-2.9551938376411346
-0.7838765133912491
0.16665001350800648
-2.99362195201846
-1.0637503586062613
0.10141982556411415
-2.8562580105883764
-0.8687223417248764
0.2363569366639837
-2.987197862991834
-1.0348734879933872
-0.0357880347123678
-2.842335662881694
-0.7299063423855053
0.15624592620460814
-3.0059837777063048
-0.9310379455985882
0.128809854822075
-2.9468586597925506
-0.7622429194934441
0.162573141404145
-2.988391449405439
-0.5361908822280657
0.21583138220126574
-3.113689163266757
-0.5361908822280657
0.21583138220126574
-3.113689163266757
-0.7610559685377054
-0.07687922771948376
-3.0159650571080463
-0.9643265557212115
0.05215510304044956
-2.907712091979724
-0.9644128552434503
0.033653687585385575
-2.876585045405862
-0.9581452303120335
0.1907852660906204
-2.8398028144395013
-0.8862428933666777
0.15427416611178252
-2.920033231132284
-1.029311115517198
0.10846219313770605
-2.845471725600447
-0.8170271701903221
0.23088949218121757
-2.925845940997812
-0.8158210184998257
0.05826815656671413
-3.1107275016538547
-0.864840613769821
-0.05470484245743054
-2.9265491427581174
-0.70894565075757
-0.05386482512792952
-2.9910900193211236
-0.2781541996352039
-0.38008770086957727
-3.1129132936632273
-0.2781541996352039
-0.38008770086957727
-3.1129132936632273
-0.2781541996352039
-0.38008770086957727
-3.1129132936632273
-0.7618298815577627
0.05073711759436097
-2.9457722241638105
-0.7618298815577627
0.05073711759436097
-2.9457722241638105
-0.6582028804632072
-0.028752995128989475
-3.021438961336307
-0.7746227303237302
0.04550954823331924
-2.9627067215028675
-0.9007862058520266
0.039616851234526615
-2.848063513237609
-0.6457700955030353
-0.024252938932420757
-3.019939492560907
-0.6392366566038742
-0.010394658382536216
-3.0201054369967557
-0.8435544427597518
0.13080555280923442
-2.8792953653484603
-0.7652431651533245
0.04035085546775222
-3.0117384783089007
-0.8163352788233994
-0.05231092171269126
-2.9181519883501137
-0.8974983333397819
0.035895035912850315
-2.89306003117268
-0.8920061011387972
0.03910523732101489
-2.8921938750115106
-0.894047023806145
0.032803017764094104
-2.861669252787253
-0.894047023806145
0.032803017764094104
-2.861669252787253
-0.600281835936797
-0.0843545281501802
-3.0128990366409893
-0.600281835936797
-0.0843545281501802
-3.0128990366409893
-0.600281835936797
-0.0843545281501802
-3.0128990366409893
-0.600281835936797
-0.0843545281501802
-3.0128990366409893
-0.6900756301356706
0.36259071326551595
-2.9421832443004443
-0.6900756301356706
0.36259071326551595
-2.9421832443004443
-0.8458955406498939
0.040996681448952764
-2.8398356894064256
-0.7685850612241174
-0.06072083872469267
-2.911552791349586
-0.8584352635790116
0.0322548823583941
-2.8567741761702914
-0.8584352635790116
0.0322548823583941
-2.8567741761702914
-0.8584352635790116
0.0322548823583941
-2.8567741761702914
-0.655266540619712
0.06061296166792834
-2.9318935975045237
-0.655266540619712
0.06061296166792834
-2.9318935975045237
-0.655266540619712
0.06061296166792834
-2.9318935975045237
-0.811173466505009
0.04507386890425574
-2.836397796294887
-0.3676141802509952
0.08100890845852195
-3.0239975206970016
-0.3676141802509952
0.08100890845852195
-3.0239975206970016
-0.6227520743604876
0.058553935261760594
-2.929503050001989
-0.3431043907746143
0.12291125487568368
-3.073679229123595
-0.6116072134329709
0.06368102137403875
-2.9286307688380853
-0.6058454233237571
0.06411494746231067
-2.928270037112139
-0.3255668180798223
0.13894901286535213
-3.0154357609154836
-0.6875375105778249
-0.06501119737543846
-2.8571930850888037
-0.536723133057094
0.2220902799776425
-2.9439698316539564
-0.536723133057094
0.2220902799776425
-2.9439698316539564
-0.536723133057094
0.2220902799776425
-2.9439698316539564
-0.5724194155666229
0.057666062333655795
-2.9267423484360635
-0.5632394891623176
0.06296392604628022
-2.926161681299837
-0.6682576284318195
-0.08239214429116379
-2.903254082985746
-0.6682576284318195
-0.08239214429116379
-2.903254082985746
-0.5474442448441159
0.06898074051569847
-2.9253030740125903
-0.5400982049037901
0.05543576783113172
-2.9255065188409928
-0.09252239573294219
0.5660252384725066
-2.9683739300925547
-0.09252239573294219
0.5660252384725066
-2.9683739300925547
-0.09252239573294219
0.5660252384725066
-2.9683739300925547
-0.21042343202379157
0.2551629447304546
-3.044129895259583
-0.5068723173897096
0.07298719198075135
-2.9237821405915647
-0.5026792082350069
0.06349200636369294
-2.9240436872701645
-0.32809649904993954
0.0004137975820757137
-2.9984568392757933
-0.7854256724946692
-0.033131469531910276
-2.8091465574052275
-0.5334669775848688
0.3275832912730824
-2.9081383611015474
-0.6368464819894228
0.1630523316180644
-2.8566631142164223
-0.6368464819894228
0.1630523316180644
-2.8566631142164223
-0.6368464819894228
0.1630523316180644
-2.8566631142164223
-0.42331147673922365
0.2939543930438163
-2.9209839168918847
-0.14574122734927364
0.321132652555104
-2.9689461636800947
-0.14574122734927364
0.321132652555104
-2.9689461636800947
-0.14574122734927364
0.321132652555104
-2.9689461636800947
-0.1309120466064275
0.3513003912220469
-2.958927385555204
-0.1309120466064275
0.3513003912220469
-2.958927385555204
-0.4041592424448178
0.06292455520205975
-2.9731171054184817
-0.39760365518014074
0.07050797818599436
-2.9214739474689773
-0.7605233478817228
0.125612320824166
-2.81685697741644
-0.3748433805769915
0.061825253623574425
-2.9214604061518776
-0.3724729403449073
0.08073288783207289
-2.9204791707737474
-0.5672124528846755
0.17386691070946508
-2.902617301007871
-0.10578119442367898
0.4234761811821131
-2.9308618884248885
-0.10578119442367898
0.4234761811821131
-2.9308618884248885
-0.09664807749719498
0.45586950190876024
-2.972943340448721
-0.33851471826734847
0.368253493401056
-2.949372598256818
-0.08789401289348373
0.44794590459972955
-2.9196183059877527
-0.08789401289348373
0.44794590459972955
-2.9196183059877527
-0.08789401289348373
0.44794590459972955
-2.9196183059877527
-0.4862327267658946
0.13714053700092466
-2.8885724201786442
-0.4862327267658946
0.13714053700092466
-2.8885724201786442
-0.7561282925638538
0.02725475973821488
-2.7867693283542856
-0.5971877705374617
0.28181101724442287
-2.8744825890673686
-0.42548590723297225
-0.0465007453229554
-2.9009241753631696
-0.5840281631045618
0.08288093539866133
-2.894355178534145
-0.15154252102824917
-0.42889731663084185
-2.9166689274390385
-0.5383749990775127
0.044469811365021365
-2.8800907021179434
-0.2635625625210219
0.4178253801513812
-2.9300189544069695
-0.2635625625210219
0.4178253801513812
-2.9300189544069695
-0.2635625625210219
0.4178253801513812
-2.9300189544069695
0.1776687750736804
0.7925552276891318
-2.8547215917757387
0.1776687750736804
0.7925552276891318
-2.8547215917757387
0.1776687750736804
0.7925552276891318
-2.8547215917757387
0.1776687750736804
0.7925552276891318
-2.8547215917757387
0.1776687750736804
0.7925552276891318
-2.8547215917757387
0.1776687750736804
0.7925552276891318
-2.8547215917757387
0.1776687750736804
0.7925552276891318
-2.8547215917757387
0.1776687750736804
0.7925552276891318
-2.8547215917757387
0.1776687750736804
0.7925552276891318
-2.8547215917757387
0.1776687750736804
0.7925552276891318
-2.8547215917757387
0.1776687750736804
0.7925552276891318
-2.8547215917757387
0.1776687750736804
0.7925552276891318
-2.8547215917757387
0.1776687750736804
0.7925552276891318
-2.8547215917757387
0.1776687750736804
0.7925552276891318
-2.8547215917757387
0.1776687750736804
0.7925552276891318
-2.8547215917757387
-0.17276027429220772
0.5463227719000726
-2.853836871789748
-0.17276027429220772
0.5463227719000726
-2.853836871789748
-0.17276027429220772
0.5463227719000726
-2.853836871789748
-0.07166315981318834
0.32743446010182825
-2.8696714188111954
-0.06496008828517735
0.3504755359773665
-2.9142623635190854
-0.3748193592642393
0.02942849288076624
-2.883911098897391
-0.3676300470120503
0.029578308276580333
-2.8840803293315576
-0.5207687727385584
-0.14795653396544783
-2.8539813083969188
-0.5207687727385584
-0.14795653396544783
-2.8539813083969188
-0.5207687727385584
-0.14795653396544783
-2.8539813083969188
-0.33487634137102745
0.026403919267986832
-2.8848500576203073
-0.21511734274730937
-0.32764538662509995
-2.8610703334753254
-0.5932431102652509
0.013344462451492218
-2.793748413778618
-0.31285938159829885
0.030762505759278292
-2.885313476729524
-0.3055847607561151
0.03874398822896268
-2.8854243023909767
-0.04479198589671766
0.4226861000360597
-2.887156439021837
-0.2905578724612408
0.03127278600297951
-2.885776904301829
0.15172697523403653
0.3630587126582321
-2.854237676515784
0.21842876708341563
0.2996521435474664
-2.882547880305926
0.21842876708341563
0.2996521435474664
-2.882547880305926
-0.26050961433114705
0.031996528510118624
-2.8863547737856066
0.2146819486146401
0.31463519009335505
-2.8777844814442437
-0.24544734171031254
0.036381865880300075
-2.886596782688941
0.2464443798817444
-0.34272439932998633
-2.8678953128378155
0.2464443798817444
-0.34272439932998633
-2.8678953128378155
0.2464443798817444
-0.34272439932998633
-2.8678953128378155
0.2464443798817444
-0.34272439932998633
-2.8678953128378155
0.2464443798817444
-0.34272439932998633
-2.8678953128378155
-0.19559803756477087
0.02966221422274735
-2.88740242488127
-0.19559803756477087
0.02966221422274735
-2.88740242488127
-0.1974117580594518
0.4117741631757195
-2.8289155990606916
-0.07714989419975243
0.3069654823579409
-2.869618905845316
0.14085452886609068
0.4110466855559322
-2.833574577959898
-0.16122697834567984
0.03913847105717356
-2.8877289254617033
-0.6408521865829944
0.07722312744537385
-2.769920767216059
-0.6408521865829944
0.07722312744537385
-2.769920767216059
-0.21655265128130502
-0.3615872022661862
-2.8587116867034963
-0.21655265128130502
-0.3615872022661862
-2.8587116867034963
-0.11905390633583345
0.036628788338891015
-2.8880635677560442
-0.15825619316285608
-0.42253028469492576
-2.8259395554524724
-0.15825619316285608
-0.42253028469492576
-2.8259395554524724
-0.15825619316285608
-0.42253028469492576
-2.8259395554524724
0.2164882494266812
-0.3839302711094098
-2.8522434137940262
-0.21015645917433345
-0.37787011161817763
-2.8533657865209165
-0.07430611079731557
0.034201927424445264
-2.8882094580333115
-0.06742392327556318
0.0440411912394385
-2.888111688607863
-0.0601250028211752
0.03971946981879728
-2.8881574056549755
-0.05321600487336424
0.04492321830303912
-2.888096613304855
-0.010111060232605617
0.5123265363487063
-2.8450702363547618
-0.3104586757431143
0.5235944509811458
-2.790684767276276
-0.03227814715108702
0.04109569651278798
-2.88812525905767
0.15939679451568114
-0.43500868758516503
-2.8196082319445894
-0.018565874445326376
0.03641992686694538
-2.888170531916053
0.1510244654173427
0.44060337445605524
-2.8192512802288845
-0.005134563921038744
0.041693183382385056
-2.8881223313117483
0.0016478351159007396
0.04167703735816461
-2.88813076557859
0.005050267833250823
0.041644585965792486
-2.8881363357455667
-0.4228988687819575
-0.1627693327423995
-2.8219947013203677
-0.4228988687819575
-0.1627693327423995
-2.8219947013203677
-0.4228988687819575
-0.1627693327423995
-2.8219947013203677
0.03634977848696538
0.0408094196601911
-2.8882091832574908
0.03634977848696538
0.0408094196601911
-2.8882091832574908
0.03634977848696538
0.0408094196601911
-2.8882091832574908
0.03634977848696538
0.0408094196601911
-2.8882091832574908
0.06199750885798134
0.054090959573538794
-2.888088293139375
0.06199750885798134
0.054090959573538794
-2.888088293139375
-0.20963638267187062
-0.3852632933728523
-2.8519644592362408
-0.20963638267187062
-0.3852632933728523
-2.8519644592362408
-0.20963638267187062
-0.3852632933728523
-2.8519644592362408
-0.12321590063004438
-0.61801144377591
-2.7724550515674617
-0.12321590063004438
-0.61801144377591
-2.7724550515674617
-0.12321590063004438
-0.61801144377591
-2.7724550515674617
-0.12321590063004438
-0.61801144377591
-2.7724550515674617
-0.12321590063004438
-0.61801144377591
-2.7724550515674617
-0.12321590063004438
-0.61801144377591
-2.7724550515674617
-0.12321590063004438
-0.61801144377591
-2.7724550515674617
-0.12321590063004438
-0.61801144377591
-2.7724550515674617
-0.12321590063004438
-0.61801144377591
-2.7724550515674617
-0.12321590063004438
-0.61801144377591
-2.7724550515674617
0.03177328916486803
-0.15025278103468842
-3.0258866429382634
-0.04201580485161798
-0.5107454424155257
-2.826838420235547
-0.04201580485161798
-0.5107454424155257
-2.826838420235547
-0.04201580485161798
-0.5107454424155257
-2.826838420235547
-0.04201580485161798
-0.5107454424155257
-2.826838420235547
-0.13365862324296923
-0.5945893088658689
-2.7876354229024924
-0.13365862324296923
-0.5945893088658689
-2.7876354229024924
-0.13365862324296923
-0.5945893088658689
-2.7876354229024924
-0.13732407630377058
-0.604217332551005
-2.837621781248642
-0.13732407630377058
-0.604217332551005
-2.837621781248642
-0.13732407630377058
-0.604217332551005
-2.837621781248642
-0.1404578661460294
-0.5964848446889796
-2.8425024403708927
-0.14054989069481025
-0.5786113161842431
-2.79765177626533
-0.14054989069481025
-0.5786113161842431
-2.79765177626533
-0.14054989069481025
-0.5786113161842431
-2.79765177626533
-0.14054989069481025
-0.5786113161842431
-2.79765177626533
-0.23405125753119274
-0.5410645155427531
-2.8161461813952173
-0.23405125753119274
-0.5410645155427531
-2.8161461813952173
-0.23405125753119274
-0.5410645155427531
-2.8161461813952173
0.11149697884055462
-0.5873390489943314
-2.82858318266443
-0.2694758275320983
-0.29846901315592395
-2.832220497978011
-0.2694758275320983
-0.29846901315592395
-2.832220497978011
-0.3323061152175943
0.05333695358287829
-2.859226090753638
-0.3323061152175943
0.05333695358287829
-2.859226090753638
-0.7256714982518554
-0.11563696238209421
-2.784337488473257
-0.3584156941913291
0.038623251060052155
-2.908004022972112
-0.2890897838403486
-0.27267809935198417
-2.8398709988226516
-0.2890897838403486
-0.27267809935198417
-2.8398709988226516
-0.2890897838403486
-0.27267809935198417
-2.8398709988226516
-0.2890897838403486
-0.27267809935198417
-2.8398709988226516
-0.2890897838403486
-0.27267809935198417
-2.8398709988226516
-0.2890897838403486
-0.27267809935198417
-2.8398709988226516
-0.2890897838403486
-0.27267809935198417
-2.8398709988226516
-0.3162552202803528
-0.25187301030556314
-2.845939651652018
-0.3162552202803528
-0.25187301030556314
-2.845939651652018
-0.3162552202803528
-0.25187301030556314
-2.845939651652018
-0.3162552202803528
-0.25187301030556314
-2.845939651652018
-0.3162552202803528
-0.25187301030556314
-2.845939651652018
-0.3162552202803528
-0.25187301030556314
-2.845939651652018
-0.3162552202803528
-0.25187301030556314
-2.845939651652018
-0.3162552202803528
-0.25187301030556314
-2.845939651652018
-0.3162552202803528
-0.25187301030556314
-2.845939651652018
-0.3162552202803528
-0.25187301030556314
-2.845939651652018
-0.3162552202803528
-0.25187301030556314
-2.845939651652018
-0.37009140267790863
-0.22183823645246278
-2.8541091570792916
-0.37009140267790863
-0.22183823645246278
-2.8541091570792916
-0.37009140267790863
-0.22183823645246278
-2.8541091570792916
-0.1520187675975892
-0.4753854305645969
-2.842456588899223
-0.5163870497211756
-0.4061671136270284
-2.7933879368094336
-0.5163870497211756
-0.4061671136270284
-2.7933879368094336
-0.5163870497211756
-0.4061671136270284
-2.7933879368094336
-0.5163870497211756
-0.4061671136270284
-2.7933879368094336
-0.5163870497211756
-0.4061671136270284
-2.7933879368094336
-0.5163870497211756
-0.4061671136270284
-2.7933879368094336
-0.5163870497211756
-0.4061671136270284
-2.7933879368094336
-0.4271224263923005
-0.18791844720155682
-2.8616993161372664
-0.16306135840390446
-0.43042031176494117
-2.8654747890461842
-0.43807635054883887
-0.1886711720687824
-2.8617075721762553
-0.43807635054883887
-0.1886711720687824
-2.8617075721762553
-0.45413243331957226
-0.18411727971034353
-2.862710922542823
-0.45413243331957226
-0.18411727971034353
-2.862710922542823
-0.45413243331957226
-0.18411727971034353
-2.862710922542823
-0.31033937746478024
-0.5240087557054921
-2.8202571043621307
-0.31033937746478024
-0.5240087557054921
-2.8202571043621307
-0.31033937746478024
-0.5240087557054921
-2.8202571043621307
-0.2366747925235102
-0.5547301608408686
-2.8522347477168166
-0.2366747925235102
-0.5547301608408686
-2.8522347477168166
-0.2366747925235102
-0.5547301608408686
-2.8522347477168166
-0.2366747925235102
-0.5547301608408686
-2.8522347477168166
-0.2366747925235102
-0.5547301608408686
-2.8522347477168166
-0.2366747925235102
-0.5547301608408686
-2.8522347477168166
-0.2366747925235102
-0.5547301608408686
-2.8522347477168166
-0.2366747925235102
-0.5547301608408686
-2.8522347477168166
-0.3491357364840938
-0.6223395951022004
-2.815620926718062
-0.3491357364840938
-0.6223395951022004
-2.815620926718062
-0.3491357364840938
-0.6223395951022004
-2.815620926718062
-0.3491357364840938
-0.6223395951022004
-2.815620926718062
-0.3491357364840938
-0.6223395951022004
-2.815620926718062
-0.48134786811703284
-0.44845580016005276
-2.81957902524832
-0.48134786811703284
-0.44845580016005276
-2.81957902524832
-0.48134786811703284
-0.44845580016005276
-2.81957902524832
-0.48134786811703284
-0.44845580016005276
-2.81957902524832
-0.48134786811703284
-0.44845580016005276
-2.81957902524832
-0.48134786811703284
-0.44845580016005276
-2.81957902524832
-0.48134786811703284
-0.44845580016005276
-2.81957902524832
-0.48134786811703284
-0.44845580016005276
-2.81957902524832
-0.48134786811703284
-0.44845580016005276
-2.81957902524832
-0.48134786811703284
-0.44845580016005276
-2.81957902524832
-0.48134786811703284
-0.44845580016005276
-2.81957902524832
-0.48134786811703284
-0.44845580016005276
-2.81957902524832
-0.48134786811703284
-0.44845580016005276
-2.81957902524832
-0.48134786811703284
-0.44845580016005276
-2.81957902524832
-0.5102073265191895
-0.001483574957313143
-2.9062993537351542
-0.5102073265191895
-0.001483574957313143
-2.9062993537351542
-0.5102073265191895
-0.001483574957313143
-2.9062993537351542
-0.5102073265191895
-0.001483574957313143
-2.9062993537351542
-0.5102073265191895
-0.001483574957313143
-2.9062993537351542
-0.5102073265191895
-0.001483574957313143
-2.9062993537351542
-0.5102073265191895
-0.001483574957313143
-2.9062993537351542
-0.5559484714393477
-0.0025798177312705314
-2.9074203844491757
-0.5559484714393477
-0.0025798177312705314
-2.9074203844491757
-0.5559484714393477
-0.0025798177312705314
-2.9074203844491757
-0.6405558596217706
-0.23724354226284514
-2.8458206513025104
-0.6405558596217706
-0.23724354226284514
-2.8458206513025104
-0.6405558596217706
-0.23724354226284514
-2.8458206513025104
-0.6405558596217706
-0.23724354226284514
-2.8458206513025104
-0.6405558596217706
-0.23724354226284514
-2.8458206513025104
-0.6405558596217706
-0.23724354226284514
-2.8458206513025104
-0.46321199154512144
-0.5043103674581232
-2.8984247330505912
-0.46321199154512144
-0.5043103674581232
-2.8984247330505912
-0.46321199154512144
-0.5043103674581232
-2.8984247330505912
-0.46321199154512144
-0.5043103674581232
-2.8984247330505912
-0.46321199154512144
-0.5043103674581232
-2.8984247330505912
-0.46321199154512144
-0.5043103674581232
-2.8984247330505912
-0.4353024410788541
-0.06242698300081762
-2.968965371054745
-0.7435962090144029
0.05715469178565362
-2.838436795371424
-0.7435962090144029
0.05715469178565362
-2.838436795371424
-0.9767933276314742
-0.03843855751963345
-2.771261382069398
-0.9767933276314742
-0.03843855751963345
-2.771261382069398
-0.9767933276314742
-0.03843855751963345
-2.771261382069398
-0.9767933276314742
-0.03843855751963345
-2.771261382069398
-0.9767933276314742
-0.03843855751963345
-2.771261382069398
-0.9767933276314742
-0.03843855751963345
-2.771261382069398
-0.9767933276314742
-0.03843855751963345
-2.771261382069398
-0.6968403668888057
-0.05600859129681715
-2.914577742584913
-0.6968403668888057
-0.05600859129681715
-2.914577742584913
-0.6968403668888057
-0.05600859129681715
-2.914577742584913
-0.7027515443755018
-0.04834563110690931
-2.8678876726946387
-0.7027515443755018
-0.04834563110690931
-2.8678876726946387
-0.7027515443755018
-0.04834563110690931
-2.8678876726946387
-0.7027515443755018
-0.04834563110690931
-2.8678876726946387
-0.7027515443755018
-0.04834563110690931
-2.8678876726946387
-0.7027515443755018
-0.04834563110690931
-2.8678876726946387
-0.7501890070020771
-0.03400293346143523
-2.886760419374564
-0.7501890070020771
-0.03400293346143523
-2.886760419374564
-0.7501890070020771
-0.03400293346143523
-2.886760419374564
-0.6834793819695453
-0.15760677319094887
-2.9021545232655104
-0.6834793819695453
-0.15760677319094887
-2.9021545232655104
-0.6834793819695453
-0.15760677319094887
-2.9021545232655104
-0.6834793819695453
-0.15760677319094887
-2.9021545232655104
-0.6834793819695453
-0.15760677319094887
-2.9021545232655104
-0.6834793819695453
-0.15760677319094887
-2.9021545232655104
-0.6834793819695453
-0.15760677319094887
-2.9021545232655104
-0.6834793819695453
-0.15760677319094887
-2.9021545232655104
-0.6834793819695453
-0.15760677319094887
-2.9021545232655104
-0.6834793819695453
-0.15760677319094887
-2.9021545232655104
-0.6834793819695453
-0.15760677319094887
-2.9021545232655104
-0.6834793819695453
-0.15760677319094887
-2.9021545232655104
-0.6834793819695453
-0.15760677319094887
-2.9021545232655104
-0.6834793819695453
-0.15760677319094887
-2.9021545232655104
-0.6834793819695453
-0.15760677319094887
-2.9021545232655104
-0.6834793819695453
-0.15760677319094887
-2.9021545232655104
-0.6834793819695453
-0.15760677319094887
-2.9021545232655104
-0.6834793819695453
-0.15760677319094887
-2.9021545232655104
-0.6834793819695453
-0.15760677319094887
-2.9021545232655104
-0.6834793819695453
-0.15760677319094887
-2.9021545232655104
-0.6834793819695453
-0.15760677319094887
-2.9021545232655104
-0.6834793819695453
-0.15760677319094887
-2.9021545232655104
-0.6834793819695453
-0.15760677319094887
-2.9021545232655104
-0.8519398851073966
-0.03752922216253847
-2.9066563853030307
-0.8519398851073966
-0.03752922216253847
-2.9066563853030307
-0.8519398851073966
-0.03752922216253847
-2.9066563853030307
-0.8519398851073966
-0.03752922216253847
-2.9066563853030307
-0.8519398851073966
-0.03752922216253847
-2.9066563853030307
-0.8519398851073966
-0.03752922216253847
-2.9066563853030307
-0.8519398851073966
-0.03752922216253847
-2.9066563853030307
-0.8519398851073966
-0.03752922216253847
-2.9066563853030307
-0.8519398851073966
-0.03752922216253847
-2.9066563853030307
-0.8519398851073966
-0.03752922216253847
-2.9066563853030307
-0.8519398851073966
-0.03752922216253847
-2.9066563853030307
-0.8519398851073966
-0.03752922216253847
-2.9066563853030307
-0.8519398851073966
-0.03752922216253847
-2.9066563853030307
-0.8519398851073966
-0.03752922216253847
-2.9066563853030307
-0.8519398851073966
-0.03752922216253847
-2.9066563853030307
-0.8519398851073966
-0.03752922216253847
-2.9066563853030307
-0.8519398851073966
-0.03752922216253847
-2.9066563853030307
-0.8519398851073966
-0.03752922216253847
-2.9066563853030307
-0.8519398851073966
-0.03752922216253847
-2.9066563853030307
-0.8519398851073966
-0.03752922216253847
-2.9066563853030307
-0.7732271608142627
-0.02173549614752733
-2.9886655763383394
-1.0517469041507101
-0.18233379146827064
-2.8465540252222468
-1.0517469041507101
-0.18233379146827064
-2.8465540252222468
-1.0517469041507101
-0.18233379146827064
-2.8465540252222468
-1.0517469041507101
-0.18233379146827064
-2.8465540252222468
-1.0517469041507101
-0.18233379146827064
-2.8465540252222468
-1.0517469041507101
-0.18233379146827064
-2.8465540252222468
-1.0517469041507101
-0.18233379146827064
-2.8465540252222468
-1.0517469041507101
-0.18233379146827064
-2.8465540252222468
-1.0517469041507101
-0.18233379146827064
-2.8465540252222468
-1.0517469041507101
-0.18233379146827064
-2.8465540252222468
-1.0517469041507101
-0.18233379146827064
-2.8465540252222468
-1.0517469041507101
-0.18233379146827064
-2.8465540252222468
-1.0517469041507101
-0.18233379146827064
-2.8465540252222468
-1.0517469041507101
-0.18233379146827064
-2.8465540252222468
-1.0517469041507101
-0.18233379146827064
-2.8465540252222468
-1.0517469041507101
-0.18233379146827064
-2.8465540252222468
-1.0517469041507101
-0.18233379146827064
-2.8465540252222468
-1.0517469041507101
-0.18233379146827064
-2.8465540252222468
-1.0517469041507101
-0.18233379146827064
-2.8465540252222468
-1.0517469041507101
-0.18233379146827064
-2.8465540252222468
-1.0517469041507101
-0.18233379146827064
-2.8465540252222468
-1.0517469041507101
-0.18233379146827064
-2.8465540252222468
-1.0517469041507101
-0.18233379146827064
-2.8465540252222468
-1.0517469041507101
-0.18233379146827064
-2.8465540252222468
-1.0517469041507101
-0.18233379146827064
-2.8465540252222468
-1.0517469041507101
-0.18233379146827064
-2.8465540252222468
-1.0517469041507101
-0.18233379146827064
-2.8465540252222468
-1.0517469041507101
-0.18233379146827064
-2.8465540252222468
-1.0517469041507101
-0.18233379146827064
-2.8465540252222468
-1.0517469041507101
-0.18233379146827064
-2.8465540252222468
-1.0556505180121487
-0.17925736874782391
-2.9306009813724208
-1.0556505180121487
-0.17925736874782391
-2.9306009813724208
-1.0556505180121487
-0.17925736874782391
-2.9306009813724208
-1.0556505180121487
-0.17925736874782391
-2.9306009813724208
-1.0556505180121487
-0.17925736874782391
-2.9306009813724208
-1.0556505180121487
-0.17925736874782391
-2.9306009813724208
-1.0741650928707267
-0.052983443268329225
-2.945243356389159
-1.0741650928707267
-0.052983443268329225
-2.945243356389159
-1.0741650928707267
-0.052983443268329225
-2.945243356389159
-1.0741650928707267
-0.052983443268329225
-2.945243356389159
-1.0409619128933305
-0.10886054757530664
-2.9641133641516095
-1.0409619128933305
-0.10886054757530664
-2.9641133641516095
-1.0409619128933305
-0.10886054757530664
-2.9641133641516095
-1.0409619128933305
-0.10886054757530664
-2.9641133641516095
-1.0409619128933305
-0.10886054757530664
-2.9641133641516095
-0.8771210991564725
0.17777576478200904
-3.1000826497235736
-0.8771210991564725
0.17777576478200904
-3.1000826497235736
-0.8771210991564725
0.17777576478200904
-3.1000826497235736
-0.8771210991564725
0.17777576478200904
-3.1000826497235736
-0.8771210991564725
0.17777576478200904
-3.1000826497235736
-0.8771210991564725
0.17777576478200904
-3.1000826497235736
-0.8771210991564725
0.17777576478200904
-3.1000826497235736
-0.8771210991564725
0.17777576478200904
-3.1000826497235736
-0.8771210991564725
0.17777576478200904
-3.1000826497235736
-1.2876780129085925
-0.015527391065443196
-2.843443571683696
-1.2876780129085925
-0.015527391065443196
-2.843443571683696
-1.2876780129085925
-0.015527391065443196
-2.843443571683696
-1.2876780129085925
-0.015527391065443196
-2.843443571683696
