-0.9617402496442954
0.06275813286516665
-1.4165356164931227
-0.9427733810934873
0.08611725182789412
-1.4054256359640258
-0.940937135049654
0.04980029350242131
-1.407939442226778
-0.9257346115396998
0.0711647233248311
-1.4111614335380485
-0.8996797261434997
0.05803361221349573
-1.4281820530981912
-0.9169469931769224
0.051526765553796455
-1.4135953005851123
-0.8874438836328152
0.058831428558230654
-1.437504820868102
-0.8655877564449748
0.07500509594159062
-1.427275474303502
-0.8434286751704686
0.07278496015392387
-1.4826518610399502
-0.8219998474013933
0.09033782780773175
-1.4872058705267697
-0.8157651061317088
0.12524305156394971
-1.467262713266117
-0.8059963465256282
0.07574271461914457
-1.475914418380347
-0.797494006818432
0.07537196663882703
-1.4782555308209264
-0.8038320019974678
0.04896139227689666
-1.4672521974172072
-0.7807735185182024
0.1051509385623084
-1.4870536996173218
-0.798065820640488
0.08553885456580189
-1.4443315007430502
-0.8116398327018042
0.07786265525185258
-1.4347769919928657
-0.7743267086231737
0.07073942290231482
-1.4807334805216732
-0.7735623768088756
0.08263054610745992
-1.4583970375999342
-0.7692765286394488
0.06344391636492812
-1.4469615309458215
-0.7568758386434986
0.12130573987356603
-1.472504593705164
-0.7082896578146661
0.08924021225862064
-1.5082845060410155
-0.7280205395701704
0.09551426836420826
-1.4634501938787816
-0.669314019112999
0.08495074003595482
-1.5365445376207951
-0.7033002166618733
0.05941394246991613
-1.4820980863418982
-0.7007197854353493
0.0824619950163412
-1.4787351950867424
-0.6754591255934145
0.048310816130071994
-1.5229269925679283
-0.725301816875862
0.07725704437989019
-1.4406262297995285
-0.6421705573112263
0.07479978380671914
-1.5142315038930163
-0.658955559359193
0.07319896016548633
-1.4897762720785328
-0.6954705478483569
0.0624111573848628
-1.441714502609373
-0.6028425341495038
0.08172952001354832
-1.5544959146361297
-0.6493282827402193
0.052305865816252815
-1.4824951631765428
-0.6829972163728972
0.0922022331289064
-1.4460247403110116
-0.6241134291692975
0.08639572416943568
-1.5068845474529025
-0.6617242312418473
0.05207857108722242
-1.4620226760563002
-0.6388831097719581
0.06060813658639919
-1.4707134188697164
-0.5876123653490762
0.1069869223338738
-1.5440743440380365
-0.6052454992940198
0.06755726288263612
-1.4949667459061386
-0.5406265463707076
0.07703156312738293
-1.5316064692362008
-0.5872865033343351
0.060262542221308266
-1.4972502108320644
-0.6017460303348983
0.0665682799679693
-1.4890466677192524
-0.6142692917548733
0.08346952602239581
-1.4799530217312247
-0.5684311326255473
0.057824856326885214
-1.5011277115671877
-0.608955754859388
0.05498738123856043
-1.4687376887269357
-0.5304551201076138
0.07462243232781961
-1.536687589791946
-0.5898624043698732
0.08095315121536698
-1.4620808966618848
-0.6196626199465051
0.10216930141688593
-1.4444414613820515
-0.5486466722653756
0.11102594997569981
-1.4990885595557608
-0.5832652597023342
0.05184436973342021
-1.4679212727563675
-0.5562731421433414
0.085224290945631
-1.4960980110114308
-0.5260240515863983
0.13124952104008092
-1.4979650543951322
-0.5610626419491694
0.0649977232589301
-1.4699283256553803
-0.5401774117879855
0.016663328902311543
-1.5018703505574478
-0.5072802618698116
0.06034012813850484
-1.500224202633169
-0.5496071263458264
0.0727470644422231
-1.4763658866197114
-0.5201211309364633
0.06998044699824302
-1.4906371410150883
-0.5283699952657049
0.05735001330605054
-1.474041377365803
-0.5435064267860354
0.06278448625122136
-1.465275479626164
-0.5113806693715717
0.0703543525682067
-1.4883637936763257
-0.5469110384210486
0.05240538156523356
-1.4480173746240244
-0.4651121711464796
0.03732208212075907
-1.5029011968711778
-0.5150860964885007
0.08801872111728956
-1.4741709952185815
-0.5225540532536995
0.062016081667853315
-1.458928169680211
-0.4635824517805288
0.0610048038114158
-1.4985310625380945
-0.4443032231316481
0.09146970084867823
-1.4998311208466524
-0.5023231358898856
0.05293753810831281
-1.4671014744318165
-0.4667451832608409
0.06091838092227758
-1.4902576176453928
-0.4809329480029008
0.07197336821432003
-1.4693102725902503
-0.4944699486677465
0.0867838861649459
-1.4692696763668356
-0.4570356855924704
0.0631065004615296
-1.4883438800606565
-0.4737856505202174
0.11777641857838982
-1.4684044249024382
-0.46695298302938626
0.032711651726287136
-1.4837613041463686
-0.43214324368537915
0.06459929787375263
-1.492815090091368
-0.4613693352123249
0.0718365677803845
-1.4654070866725262
-0.316576469600773
0.03195788717456772
-1.53817443792138
-0.4132253692374883
0.09058237614995124
-1.4961827465785758
-0.4541574536279615
0.05522033856648447
-1.466699786918709
-0.39641514766973124
0.08056284819250804
-1.4926793938129874
-0.4935948517055403
0.05133298943863108
-1.4485334220859731
-0.4553678019216228
0.05508398642058209
-1.4590717996889073
-0.4093588340011619
0.11217082625496268
-1.4811716566420408
-0.4819771836268489
0.03515771354593153
-1.457860163396779
-0.3581923493368389
0.0610208991873996
-1.5016756137819691
-0.4193486863022961
0.08434818479825532
-1.4696173477050225
-0.3396425116143821
0.07200587095795093
-1.5107425538638835
-0.3902416175193917
0.05262134595344533
-1.4903118891829623
-0.25875095952492316
0.10928180324057013
-1.530652024448971
-0.31802292674297594
0.10867858153817689
-1.5115344520693095
-0.37111030144465723
0.13768789216069863
-1.479367246460644
-0.40140556628755325
0.07063921824483022
-1.4585929650648621
-0.3752291049733294
0.06381583271518106
-1.478424211619697
-0.421457181248481
0.0983785219334474
-1.4615032367892764
-0.3914447146981912
0.07424671688342195
-1.4705476887603495
-0.3611076640652802
0.06810518359252665
-1.4778947167213186
-0.30282683740259264
-0.024352560505555572
-1.5083698384760924
-0.3288919512254441
0.0659242042832636
-1.485183806144596
-0.31891752293330505
0.0972055297921011
-1.48768064003671
-0.2262095387999953
0.08437428933999497
-1.5295816593425084
-0.3361231862302504
0.06777967982198799
-1.4769673446028706
-0.23067771854468633
0.008575887971385747
-1.5183137808579708
-0.2836727391331139
0.11752594572635848
-1.4956570197204018
-0.29086109976494046
0.10504831736913915
-1.4863254547012872
-0.34822504725745457
-0.023947508186558823
-1.4814102357661347
-0.34822504725745457
-0.023947508186558823
-1.4814102357661347
-0.30007434725280446
-0.03371695634630512
-1.4832447250198255
-0.26790549536910313
0.03045557895198308
-1.5002749375555822
-0.2106236158104449
0.14391215566950444
-1.4997952840532716
-0.34471003021917
0.004102217068598038
-1.4500492005494052
-0.31928522551144556
0.03854045994183798
-1.4656612179114314
-0.308566068781489
0.07402202838110267
-1.4694266366950808
-0.354810142573221
0.13776649586055925
-1.4406636930320793
-0.22810294487225075
0.06891846572506868
-1.485493307322908
-0.3231697135800933
-0.001726387237706998
-1.476285416688957
-0.19548756878499388
0.08916602008903078
-1.4976868462674793
-0.23192658255110024
0.01121008372517744
-1.4857782598408815
-0.16280672478658825
0.06040097710407021
-1.5059579742012612
-0.08284231315703434
0.183438367181044
-1.4998115778641816
-0.23249853598050096
0.07146832871203228
-1.48890531818669
-0.10882866638673626
0.11926024255438952
-1.5108011346637942
-0.27401502840357045
0.052234967279109125
-1.4567933071460393
-0.25893186894491155
0.1434867941027812
-1.4666888856017815
-0.13775891115453764
0.08783411357261747
-1.4966114325874695
-0.2585874629991874
0.09162842513906863
-1.4609130127477699
-0.23305847518408768
0.1117589804746673
-1.4672631093169504
-0.20893514892758125
0.10113443987393081
-1.4758993475381081
-0.24431862025930817
0.05045858659415357
-1.470749051788896
-0.19443084788417184
0.09250179230133067
-1.4677873085426598
-0.21383015801498712
-0.04700352761313722
-1.4691868137077617
-0.08898272039416184
0.0807386449650198
-1.498285711590537
-0.2010523984723548
0.01617615023283183
-1.4707408525986445
-0.11864318930463133
0.13801187705306256
-1.4768418843353115
-0.2057979600711499
0.15079541692220358
-1.4665068685871416
-0.29166043640714007
0.050121240787157934
-1.467190186681738
-0.13510803994574785
0.017860602657751877
-1.488510243214662
-0.3467794479897188
0.05193640367724295
-1.4471558145400596
-0.3467794479897188
0.05193640367724295
-1.4471558145400596
-0.3467794479897188
0.05193640367724295
-1.4471558145400596
-0.1915690194583684
-0.003469280981433796
-1.4696332089442106
-0.12199219008518683
0.11521170712645674
-1.4766036328699836
-0.010322410938345985
0.1139477927540406
-1.4903446950567898
-0.2411728189286128
0.018701404715795247
-1.4663983897027568
0.00988056343602476
0.24465771615326307
-1.4617049718870676
0.13148239668486555
0.024490455460274455
-1.4827143742410913
-0.08487112939648211
0.1000238775619235
-1.472522549211421
-0.18857928717607833
0.013879756985456926
-1.4726710061815458
-0.15199047375668456
0.024976148310606783
-1.474595670894725
-0.16815979784341292
0.09824187262922945
-1.4667859793981273
-0.07239726963953687
0.12335304574533724
-1.4786549510479974
-0.0602712546354147
0.0938189234363089
-1.4694839346038804
-0.032464762801446806
0.18039493422892325
-1.4774650751774572
0.007391614047742631
0.24600224855394826
-1.4602331493093337
0.01088254035307682
0.24742545331343213
-1.459535153450157
0.05545975603904404
0.12037987462956808
-1.4784846841708836
-0.029447650387110336
0.1307538889258144
-1.4686852395154542
-0.02439397151658901
0.13227614447941632
-1.4811706358774508
-0.049588781639546615
0.18747122724305876
-1.4648332355482998
-0.07900331263388058
-0.02053528942330002
-1.4772741237140203
-0.0072742674659258605
0.14219620792994556
-1.4672844067484896
-0.0072742674659258605
0.14219620792994556
-1.4672844067484896
0.006218653837966777
0.09722237509978521
-1.469380510778373
-0.09325367831492863
0.009511523872635224
-1.4666892623430308
-0.09200358185427293
0.006886536357680931
-1.4667764855756051
-0.18950228978788874
-0.02182594109499459
-1.4589167122662654
-0.10200304970953107
0.07094696938297775
-1.4761804786941453
0.0405075349439816
0.09159622167276245
-1.4696332758817277
-0.07713572801693115
0.007044444394871518
-1.4687106751877828
-0.18904042950126174
-0.02935459295399431
-1.4597894181707471
0.038063305830177335
0.1436041123734541
-1.467390822166519
0.038063305830177335
0.1436041123734541
-1.467390822166519
0.040919757954924675
0.17157100601245634
-1.4666699823018605
0.05271470985889732
0.14355482624175794
-1.4678828241148796
0.02678412448495786
0.13241088566516795
-1.473992162326367
0.05233559077548463
0.16263979566343942
-1.456086324131122
-0.03981400128078783
-0.04540759568924719
-1.4698557323207992
0.156059052065064
0.14534232776477868
-1.4552990083938022
0.10990004613714281
0.08441797774792582
-1.4690416400390631
-0.0003233409795577147
0.18799825265663409
-1.4582632491163006
0.07425824835944399
0.15275185879994282
-1.4719871822030566
0.015597438567539375
0.0875835201183714
-1.4800778462355395
0.09577366174341953
0.22170934264666872
-1.4549093769560375
0.09970922067597213
0.22098397207667758
-1.4554984575061756
0.03753110009734847
0.07751139118282685
-1.4826164698044912
0.1062485858738326
0.1549646654681212
-1.469218471863172
0.12284270913715752
0.23374372317266337
-1.4491768579723576
0.21204247452546549
0.1177297373618797
-1.44602609204
0.173896805631446
0.07663651762577327
-1.467899570190215
0.03591066496120021
0.11146026746935093
-1.474000033026194
0.08551578380215646
0.27923129607954367
-1.4512767111104912
0.15219050771040857
0.12605189049603546
-1.47268291312033
0.13666374562983083
0.11787876258158535
-1.4672338730204617
0.09530897970517313
0.19481723944638815
-1.4706750273785112
0.11297836575859287
0.24528491702268437
-1.451995952513397
0.1284552722699601
0.16207844772222224
-1.4686570027326178
0.08498807885284451
0.10140905090513838
-1.47935698291303
0.11785223369847835
0.16342831009604267
-1.4751583629727356
0.18572581781572417
0.13768948045851798
-1.4568858076817264
0.12760545026384001
0.15065706610938073
-1.4783152027789375
0.10324359715000914
0.09910619725855163
-1.4828528676034352
0.13826850830402906
0.17044518841744985
-1.466837959456727
0.12902441273276272
0.19603875616427094
-1.4781913881408129
0.18325188594719144
0.11933636179036755
-1.4669442837961848
0.18732572450849522
0.11819883831277538
-1.4671168785073503
0.1628637419036754
0.15900383586491912
-1.4704965266408236
0.09655655973075752
0.128562157525287
-1.4851961265159996
0.26494381328568484
0.12034605106298402
-1.4497000810239675
0.1327325683729261
0.1707112303663281
-1.4804849259280983
0.1636112429840291
0.14304002535331123
-1.4689649882952753
0.25050763790094704
0.048350118746686925
-1.470769039490362
0.21391166140395548
0.08780095077014184
-1.4819340341113565
0.28824694833196013
0.11659420249634898
-1.4378395986577943
0.22545483818847376
0.18016467140275502
-1.469898409891701
0.18931244987350393
0.15177640218253136
-1.4678605332933576
0.3128112531688656
0.08138870314631984
-1.4489119861046413
0.15843098886384732
0.16336374606037304
-1.4851074864309848
0.20301802546677963
0.2034588197811355
-1.4705979872358153
0.27739765850545645
0.12891660428259555
-1.4569821952236017
0.3037772956820493
0.11467680594707658
-1.4625428892019539
0.238314602665287
0.07657110384069765
-1.4801982110975576
0.37957791344379027
0.07447901758099205
-1.4325550058547796
0.27281240018405484
0.15709742764177692
-1.4643445576495258
0.34656694011193934
0.10086496615751724
-1.439833588387848
0.27936647092901645
0.08977458264606826
-1.4818332346335
0.2679956183736755
0.16609342236925867
-1.4737569903157675
0.31957922055525373
0.11540799303790167
-1.4603304225022773
0.1566268629370048
0.21457262303451538
-1.4924417318637475
0.31868102600612397
0.10504614619849725
-1.4721332453242855
0.29641830582941664
0.12892493708367903
-1.4684821678126414
0.31392205409146834
0.143649397806228
-1.469284127473959
0.31977777538060737
0.11042263602748652
-1.4569673925344921
0.37284725418956016
0.07979630386206277
-1.4525341984388238
0.2843552690377013
0.055211181565422415
-1.490863887118824
0.3637784312627521
0.11326516553924261
-1.4502427716408353
0.47587201200668733
0.08977132869675941
-1.4221536294303112
0.3576570711766907
0.11566959111952599
-1.4605929987887554
0.3035665296801303
0.15227730444836415
-1.479300518144831
0.3398806167950672
0.1513620291503215
-1.4731223000552534
0.36924565210326493
0.08879872731279013
-1.4642768410238156
0.34687588594682933
0.14972646246141336
-1.474315064901087
0.33238855672927076
0.11236889719541229
-1.5036468774569
0.3498671373269785
0.1121879002496674
-1.4759152593803029
0.34524976977869287
0.10415959231471732
-1.4874357861463237
0.3980228108770089
0.1274060515580871
-1.4455662826964637
0.40102788208807344
0.0977055866855713
-1.4567095142251818
0.38331645238142975
0.12559982128425493
-1.466600152021799
0.3723039856324454
0.10981320398822868
-1.47943359912548
0.43023927419281727
0.11352951945339317
-1.4591941788522635
0.3796840094319241
0.10854519391181551
-1.4808007141443944
0.38387362199994457
0.10961481454046214
-1.4814437709511161
0.3533790694892102
0.09042400173063408
-1.500940702443634
0.3908229027637449
0.10500368515528215
-1.483174005851648
0.43126085802802555
0.09105789676987526
-1.4622372798301178
0.4142487800496152
0.07058670653189388
-1.48394305956722
0.44988865484523577
0.06835426791957631
-1.470702855018074
0.4205888907028786
0.1166251295141966
-1.474459974967051
0.47238797809756694
0.1329690327863061
-1.449279263225991
0.4116940986580564
0.08708473497306633
-1.4793412498747016
0.44081417606514267
0.06218497006678331
-1.4803999981531144
0.43436245363250425
0.11647532630541454
-1.477515957340866
0.4252327331767454
0.16410473476904258
-1.4835136222884875
0.46444462142780846
0.08886596866838462
-1.4816249924879494
0.3983877572646651
0.08117011083600091
-1.5102502012344186
0.4418807476126413
0.06970511710441447
-1.4879614480238843
0.4818507668772422
0.10304160019239936
-1.4591314686135957
0.5075822691569046
0.08160673274347062
-1.461388419622387
0.4987360819750361
0.10124348686911364
-1.455468678058015
0.4796351806017459
0.1449458204187779
-1.4703142490773529
0.465064337903052
0.11338034129681478
-1.484968159814264
0.4930406888028379
0.12206116114665977
-1.4682918689936115
0.5176817230527806
0.08024752779747356
-1.4620103830251288
0.48541724878214104
0.11115712785453562
-1.4816182102751136
0.4864196231637413
0.11542047674011346
-1.4913636973050286
0.48941692556349076
0.11663363805323333
-1.4918215860615185
0.4738805573741145
0.09334590635036052
-1.5021549430004528
0.4905832014134242
0.1115648227540536
-1.490136602056096
0.5773522017910145
0.07632337497650671
-1.45830781494035
0.483451720394601
0.0694257368394456
-1.5036422151915818
0.5394018237492861
0.1039298279164692
-1.472635663382345
0.5392432209391423
0.06210889637193005
-1.4787054146340766
0.573374926603967
0.09633578601403418
-1.4594716974517845
0.5541815023610828
0.10602730680312558
-1.4740177745716552
0.6119812376244603
0.09197623543016455
-1.440695925063973
0.5506088538158049
0.11634462147590198
-1.4775245060141928
0.5405656468426142
0.11139159736780287
-1.4983943676132694
0.5838606477603836
0.11568977260504017
-1.4630117262943154
0.5507008125284033
0.11080630285510078
-1.4987435487163432
0.5833057984689747
0.10214444992329007
-1.4754295177344523
0.5893186439930179
0.10194446738252079
-1.4753757635861835
0.6099084598748812
0.08241578186895385
-1.4723241666128972
0.6262917242862359
0.09117515213238253
-1.4521008966641373
0.6251033252336403
0.10834521919902856
-1.466893959458506
0.6121580464659702
0.06939172441289272
-1.487546003201678
0.6439458858110536
0.08835199702890398
-1.4591879284695446
0.542394821470449
0.12496266005921948
-1.5500037011525674
0.6437549238927808
0.08098037844184491
-1.4649567620763588
0.5902579122275045
0.07288220422348243
-1.5203750764220618
0.650031519749872
0.07268749533053886
-1.4742647761509309
0.6755516811268522
0.0773719315897841
-1.4655495229888535
0.6675063210739254
0.12008097946187118
-1.4586727311887437
0.6903280266811261
0.10111804844333669
-1.4459518784232193
0.655156720595251
0.086155580327551
-1.4962886447993893
