-1.6801568414448467
0.06263371119737599
-2.9507778178840005
-1.536940383554522
-0.0176970720812998
-3.09529856199942
-1.5787887853044287
0.0617677000279001
-3.071757431110986
-1.6290756497940049
-0.05598519598987506
-2.97322105446282
-1.5112405613205844
-0.015595201969415752
-3.0980039198451736
-1.6817024536932776
0.042979351072535886
-2.9023743667444117
-1.5964320728148176
0.04482631698945018
-2.9506567529280283
-1.5608801951142786
-0.013392496411052139
-3.068056411927489
-1.4974560189779615
0.18928638639920278
-3.0501573936201063
-1.6034837948126734
-0.005618439090768013
-2.9399478323287824
-1.4667178196186472
0.054473443363284156
-3.0710298859463974
-1.5466614032923063
0.04773484212105747
-2.9611479518060255
-1.5255995692959918
0.06575012342823307
-3.0052823223687817
-1.4296083023503805
-0.04782620792622308
-3.0831446655879313
-1.4530330352629786
0.11430923233693775
-3.032497526629165
-1.351771507417328
0.13305586406307307
-3.1409162812017195
-1.5550456617600243
-0.07108180948987634
-2.910398391895939
-1.4349534395106882
0.1176150761235478
-3.031479541694288
-1.554840350784894
0.04553892457954748
-2.9694859802462656
-1.4500447256848132
0.0567832880001203
-3.0208580318277516
-1.4808168803148944
0.11101454591308062
-3.0025211651885586
-1.4593076067914397
-0.016305364369133588
-2.9812394675140492
-1.4533041633254857
-0.013435443675692264
-2.9828751096225172
-1.3975223204106977
0.18046900120577505
-2.9953955494260263
-1.4676289337573403
0.06148910036371984
-2.9399203453445817
-1.068188123485484
0.004613533068576769
-3.287287443720697
-1.318451446928969
-0.018208921868291095
-3.0981055766933103
-1.2930856878420456
-0.022656933049874158
-3.1031658531193798
-1.165664220954751
-0.0366162285574602
-3.2150382360892538
-1.3155279254286683
0.05231800997139572
-3.057814689194037
-1.3574015041902185
0.10823795133057952
-2.96761143521405
-1.2502228675792253
0.12066530670176699
-3.0717074476185795
-1.2241200727485313
0.12676512915981453
-3.083068408372756
-1.273477117627156
0.061654102628246325
-3.0653462673915035
-1.18356138396611
0.22475776863018535
-3.169627840922918
-1.3669460489563292
0.1713600499525954
-2.9751203492877103
-1.1263286627087816
-0.13542285569691473
-3.1649512962856536
-1.1142078817735086
-0.11877871073541575
-3.1683994704941396
-1.2548075376251038
0.11245307757359606
-2.991715419295599
-1.1963225839770453
0.046453027688614756
-3.0773628404382016
-1.244746360146617
-0.02482451639359543
-3.0225868989763853
-1.2975984111617305
0.03711659793226703
-2.9966595953487984
-1.1067375721759998
-0.007025171546375717
-3.1310336240995684
-1.1499349346119299
0.05426642428200437
-3.0492809676979142
-1.1093589943199826
0.1327755364125042
-3.0793821606909777
-1.126353443172304
0.05176938899907319
-3.051066054029059
-1.183785509678532
-0.03071888411603527
-3.0278635861638663
-1.1729891564080097
0.12073166322338573
-3.0531664427340424
-1.0265304428577047
0.14426183091443084
-3.102821524423881
-1.2839780600750588
-0.1327509658989289
-2.970591838253823
-1.2080955169347856
0.041216669933335115
-3.0023718443450536
-1.1419703667741037
0.11926741251609244
-2.990498409291315
-1.3476755333011667
0.15663247529397425
-2.990463268902009
-1.1184921034159858
-0.031356820690244
-3.0290317627520578
-1.302939236816692
0.027529349867878063
-2.9509217921011133
-1.0516898048934102
0.04701020432420339
-3.1066495895303743
-1.0411298612790372
0.07657623818431528
-3.1056461085114337
-1.1168376988832402
0.12132435843103173
-3.0408448461197986
-1.1068597439940873
-0.04558896534011872
-3.080207406736622
-1.0247405866382662
0.047725063026717536
-3.1047284073525385
-1.1505473049937407
0.03934872008101905
-2.9996091089747745
-1.0765163613683186
0.12451146483753468
-3.0496496319125357
-1.0744615369527795
0.12753533539630063
-3.0491318683803823
-1.1316178256793494
0.03961029964664118
-2.9972025400314983
-0.9935452409077857
0.045342638894065396
-3.1010037953708816
-0.9935452409077857
0.045342638894065396
-3.1010037953708816
-1.0741041283386106
-0.19480728115472312
-3.0598719711413653
-1.0741041283386106
-0.19480728115472312
-3.0598719711413653
-1.0741041283386106
-0.19480728115472312
-3.0598719711413653
-0.8759053988241632
-0.05566314113400518
-3.1232074039233213
-0.9492385976481483
0.04386168663667243
-3.0412691728403423
-0.980273710425242
0.23047529760551688
-3.070944838633034
-1.0913077472351393
0.03470951648543853
-2.989283109760905
-0.9569877306749273
0.04178448124980757
-3.0596798034225703
-1.0180406324450217
0.10166534580470359
-3.006529607607256
-0.9427113172235836
0.04668097659330767
-3.091016105934462
-0.9239356455280996
-0.15356084820930385
-3.0616648806795776
-0.9408216238385523
0.04165736264073997
-3.055602991935396
-0.9408216238385523
0.04165736264073997
-3.055602991935396
-0.9408216238385523
0.04165736264073997
-3.055602991935396
-0.7240102698868262
0.05234598105921419
-3.1359777602315297
-0.7240102698868262
0.05234598105921419
-3.1359777602315297
-0.8320953909322556
0.11746604255830638
-3.101030945039648
-0.9110915220300028
0.0010481049513415323
-3.0833588297636174
-0.9110915220300028
0.0010481049513415323
-3.0833588297636174
-1.0459362106742116
0.02685547259341732
-2.976484262726093
-0.982658620155027
-0.0965726605987122
-3.052389372328323
-0.9187139658881768
0.21043339713590054
-3.0552247699863506
-0.9006472523931759
0.21527250020975608
-3.0016139589893265
-0.9006472523931759
0.21527250020975608
-3.0016139589893265
-1.0311367806466152
0.024128227020647094
-2.971891971536005
-0.8800315381369138
-0.003979763785294761
-3.074741347324937
-1.02519064221561
0.018452267848271545
-2.970074812435161
-0.668133138942332
0.04023157354851757
-3.180280563437897
-1.0916651069731498
0.07107272927844002
-2.93844558106251
-0.780091603852975
0.11416560399574689
-3.0875548777503043
-1.2693339957863334
-0.004702733054083403
-2.864543290911226
-1.2693339957863334
-0.004702733054083403
-2.864543290911226
-0.7671336606168417
0.11528286859238468
-3.0840627093212483
-0.8479995041300287
0.03163588792730061
-3.065788394712741
-0.8443652314575192
0.028073546694113646
-3.0649271573779404
-0.93927350970239
0.11565446090558404
-2.9982219602992743
-0.9397793662918724
0.12198278397178819
-2.997667459933164
-0.8307485832578911
-0.0032881498831417505
-3.0619116055775324
-0.8263648733256654
0.035783934953997
-3.0604073736040394
-0.8244301685901125
0.032122545957087086
-3.0600283543400217
-0.5990428851449182
0.054356486266245084
-3.1652273038948127
-0.9705470239115888
0.02459621883214099
-2.954574628660927
-0.8111354687872243
0.028661178094611585
-3.057131581030199
-0.9641009738414461
0.024662846411601887
-2.9530184235237806
-0.8427892007179109
0.2415204166608529
-3.0833384323896103
-0.87562130993901
-0.079259691551921
-2.974518774460449
-0.87562130993901
-0.079259691551921
-2.974518774460449
-0.8967738460490936
0.1257844812269615
-2.986460336345294
-0.781276468164128
0.029300875444402002
-3.051245953073307
-0.6416192610545183
0.3370339764950236
-3.0702363583235757
-0.6815131153974022
0.12400294853574738
-3.064822360822231
-0.46830353445226947
0.2667396397341947
-3.166755379367466
-0.5247435487136097
0.05482187395689449
-3.1535792099375426
-0.957089546398808
0.1782213734170576
-2.9784601953708347
-0.8384218994822283
-0.08337531760230868
-2.967293646721677
-0.4329710585579067
0.46503757054972233
-3.1152981747443573
-0.7442720302151044
0.02619794824779679
-3.045413377150009
-0.7442720302151044
0.02619794824779679
-3.045413377150009
-0.9414617807015003
0.19690532247834636
-2.942340020621627
-0.4939964960736634
-0.3271554403092841
-3.145023908152824
-0.4939964960736634
-0.3271554403092841
-3.145023908152824
-0.7159256454487505
0.026906254416252808
-3.04179310739243
-0.7060127658184435
0.027175646127452772
-3.0406861874814886
-0.7010856422306487
0.03154717699575916
-3.0400865780572404
-0.7010856422306487
0.03154717699575916
-3.0400865780572404
-0.6879485013827654
0.023402295439765467
-3.038930435947197
-0.7270553651329077
0.24221061447084413
-3.0077990506004784
-0.7019060375398467
-0.21497634161062107
-3.017210426164608
-0.7155900905304503
0.2455965730716803
-3.005795100243839
-0.7155900905304503
0.2455965730716803
-3.005795100243839
-0.7274708113032708
0.27798220895995673
-3.021040966972317
-0.5268101476716509
-0.1490836625174676
-3.053386658284426
-0.8369626954791087
0.01661750995500109
-2.933997451476136
-0.6858616578649162
0.25092692264168187
-3.001905353644469
-0.6858616578649162
0.25092692264168187
-3.001905353644469
-0.6547752259601214
0.28488459367529945
-3.0328291672306156
-0.616934278347229
0.02084373462731941
-3.0337303993446514
-0.61401292110369
0.02558169402145861
-3.033488994763148
-0.6427221474176595
-0.42918095749752166
-3.077276584616624
-0.8882391765262202
0.07395234373871229
-2.9023025744789774
-0.5919431024828792
0.026362053500444238
-3.0323511099032565
-0.9291364229359543
0.2546847985959684
-2.890431937953379
-0.9291364229359543
0.2546847985959684
-2.890431937953379
-0.7004267724033947
0.15404403433374325
-2.9964243473560135
-0.6943009235088043
0.10042933889972351
-2.999291261357242
-0.5515124338645648
0.022958749684536685
-3.030768577627184
-0.5449019002388741
0.033315077059716286
-3.0303401324535058
-0.6704141228442301
0.14947342378499182
-2.996148981337306
-0.532755787702178
0.032338975652092226
-3.084873684161163
-0.9437372695098233
-0.15243798202992362
-2.91947470066122
-0.749324582679703
0.0056725147961879585
-2.9805469687733988
-0.6103105939333905
0.2675848453679681
-3.0086661439554714
-0.4921347105845919
0.014560122393145797
-3.0291936444427834
-0.4854120503965102
0.023705114207984365
-3.083831043349276
-0.7265944889085046
0.3519303552224736
-2.9611528245464807
-0.4637944664193936
0.0041536635676712634
-3.028686505179561
-0.4637944664193936
0.0041536635676712634
-3.028686505179561
-0.6419058067192932
0.16241123049794307
-3.0096986528391394
-0.12360757699405299
0.1482428469661573
-3.098988662625094
0.25752876704962613
0.2455301457173701
-3.111136260218275
0.25752876704962613
0.2455301457173701
-3.111136260218275
0.26437366935989837
0.2876325192516495
-3.0995429091285884
0.26437366935989837
0.2876325192516495
-3.0995429091285884
0.26437366935989837
0.2876325192516495
-3.0995429091285884
-0.07634277281892474
0.4549796586265156
-3.0926132956764607
-0.07634277281892474
0.4549796586265156
-3.0926132956764607
-0.15676912888081976
0.4501485840110238
-3.0851163969570705
-0.5335943399381898
0.11500619761218885
-2.994293245920297
-0.5335943399381898
0.11500619761218885
-2.994293245920297
-0.3168390138506463
0.02874657582052667
-3.0804847650750506
-0.6183015412417661
0.01084690171849773
-2.9802169200332616
-0.5426377363083228
0.1731397493646608
-3.0063928806199174
-0.6024178211849355
0.00733953178002508
-2.9804381726912847
-0.5988608894886608
0.4157767620243682
-2.921476114309567
-0.25545644368930537
0.01734986004599188
-3.078910356282166
-0.6625704675695238
0.27495225847288157
-2.9636536807344798
-0.2344676894203949
0.044693693295164545
-3.077434166944561
-0.2344676894203949
0.044693693295164545
-3.077434166944561
-0.6019597751969562
0.40368675127886516
-2.9407886744681164
-0.556861452715027
0.007946309347370272
-2.9812104148159726
-0.5468620508844652
0.008083936198172352
-2.9814073767235096
-0.17317596043483874
0.07393499854015939
-3.0730718266391706
-0.17317596043483874
0.07393499854015939
-3.0730718266391706
-0.2188747782511705
-0.45977866759755087
-3.0281116295220505
-0.25878506926007866
-0.6602889479032635
-2.949841562219347
-0.25878506926007866
-0.6602889479032635
-2.949841562219347
-0.25878506926007866
-0.6602889479032635
-2.949841562219347
-0.25878506926007866
-0.6602889479032635
-2.949841562219347
-0.25878506926007866
-0.6602889479032635
-2.949841562219347
-0.25878506926007866
-0.6602889479032635
-2.949841562219347
-0.25878506926007866
-0.6602889479032635
-2.949841562219347
-0.25878506926007866
-0.6602889479032635
-2.949841562219347
-0.25878506926007866
-0.6602889479032635
-2.949841562219347
-0.25878506926007866
-0.6602889479032635
-2.949841562219347
-0.5913704647099719
-0.15552979258210423
-2.9503748935311314
-0.5913704647099719
-0.15552979258210423
-2.9503748935311314
-0.420677155633354
0.006009694071802474
-2.9843246673892168
-0.4169412378152174
0.0021301614648047674
-2.984425792416808
-0.515265743292632
0.0011796987152674389
-3.01269013722094
-0.515265743292632
0.0011796987152674389
-3.01269013722094
-0.6733060298860584
-0.00020520286069598004
-2.935573509557821
-0.38378549330713846
0.0065489290777937335
-2.9852095358972495
-0.38021367296521447
0.014550597740240772
-2.9852686648052003
-0.38021367296521447
0.014550597740240772
-2.9852686648052003
-0.041429197196924145
0.40496854985944336
-3.00470458849899
-0.47419313558467757
0.30797530185612404
-2.937113691390323
-0.47419313558467757
0.30797530185612404
-2.937113691390323
-0.6450694624096843
-0.00024010579294569316
-2.9370667119991345
-0.6450694624096843
-0.00024010579294569316
-2.9370667119991345
-0.5664756580540169
-0.14332638280750443
-2.968280765046866
-0.5664756580540169
-0.14332638280750443
-2.968280765046866
-0.32732413926965276
0.02195696138716506
-3.039860898990203
-0.31557457353584584
0.0075786407900053036
-2.9867486410092337
-0.30777358262953824
0.003632638696555379
-2.986923489482724
-0.30777358262953824
0.003632638696555379
-2.986923489482724
0.1973447333444835
-0.39811847662419014
-2.9995158634958883
-0.2884741604531492
0.00799632955110058
-2.9873026166333543
-0.49851129727510946
0.18874280784079775
-2.948659394533565
-0.49851129727510946
0.18874280784079775
-2.948659394533565
-0.49851129727510946
0.18874280784079775
-2.948659394533565
-0.49851129727510946
0.18874280784079775
-2.948659394533565
-0.4804929868287084
-0.19636618382685536
-2.9496266709256567
-0.4804929868287084
-0.19636618382685536
-2.9496266709256567
-0.5945134315030752
-0.004006069931541391
-2.939991607073562
-0.2729374151265785
0.35611990498481527
-2.9651325297118736
-0.2334430399565466
0.008847897210447302
-2.9882868215934812
-0.20130449125700992
-0.4249922579846347
-2.986372409731262
0.1402231728088046
-0.643236671967547
-2.931146571943677
0.1402231728088046
-0.643236671967547
-2.931146571943677
0.1402231728088046
-0.643236671967547
-2.931146571943677
0.1402231728088046
-0.643236671967547
-2.931146571943677
0.1402231728088046
-0.643236671967547
-2.931146571943677
0.1402231728088046
-0.643236671967547
-2.931146571943677
0.1402231728088046
-0.643236671967547
-2.931146571943677
0.1402231728088046
-0.643236671967547
-2.931146571943677
0.23186442137937915
-0.38391201335402003
-2.959299328533958
0.23186442137937915
-0.38391201335402003
-2.959299328533958
0.23186442137937915
-0.38391201335402003
-2.959299328533958
0.23186442137937915
-0.38391201335402003
-2.959299328533958
0.23186442137937915
-0.38391201335402003
-2.959299328533958
0.23186442137937915
-0.38391201335402003
-2.959299328533958
0.23186442137937915
-0.38391201335402003
-2.959299328533958
0.23186442137937915
-0.38391201335402003
-2.959299328533958
0.23186442137937915
-0.38391201335402003
-2.959299328533958
0.23186442137937915
-0.38391201335402003
-2.959299328533958
0.22500203614746195
-0.39723736053742636
-2.954161556162286
0.22500203614746195
-0.39723736053742636
-2.954161556162286
0.22500203614746195
-0.39723736053742636
-2.954161556162286
0.22500203614746195
-0.39723736053742636
-2.954161556162286
0.22500203614746195
-0.39723736053742636
-2.954161556162286
-0.13355508065112745
-0.6691374783649687
-2.91367376178001
-0.13355508065112745
-0.6691374783649687
-2.91367376178001
-0.1291094172264759
-0.6708949630613115
-2.9123386510739846
-0.1291094172264759
-0.6708949630613115
-2.9123386510739846
-0.1291094172264759
-0.6708949630613115
-2.9123386510739846
-0.12639761653688472
-0.6719703810795652
-2.911492878944103
-0.12639761653688472
-0.6719703810795652
-2.911492878944103
0.22126653745649347
-0.4088889706580574
-2.949334177634798
0.22126653745649347
-0.4088889706580574
-2.949334177634798
0.19702953806486623
-0.22868509917986748
-2.9942692832694355
0.19702953806486623
-0.22868509917986748
-2.9942692832694355
0.19702953806486623
-0.22868509917986748
-2.9942692832694355
0.19702953806486623
-0.22868509917986748
-2.9942692832694355
0.19702953806486623
-0.22868509917986748
-2.9942692832694355
0.19702953806486623
-0.22868509917986748
-2.9942692832694355
-0.018319893456799772
0.010238706602940732
-2.9895743922596396
-0.018319893456799772
0.010238706602940732
-2.9895743922596396
-0.018319893456799772
0.010238706602940732
-2.9895743922596396
-0.004627199504428908
0.01011424009166852
-2.989576495813504
-0.004627199504428908
0.01011424009166852
-2.989576495813504
0.005814257258308506
0.0041946479904931035
-2.9895959281519358
0.013042760905582254
-0.007394656955353238
-2.9895917209041922
-0.22126018337604492
0.41201170517344177
-2.947669417403314
-0.22126018337604492
0.41201170517344177
-2.947669417403314
-0.22126018337604492
0.41201170517344177
-2.947669417403314
0.23834337836398078
0.598403410459338
-2.909899515226718
0.23834337836398078
0.598403410459338
-2.909899515226718
0.23834337836398078
0.598403410459338
-2.909899515226718
0.23834337836398078
0.598403410459338
-2.909899515226718
0.4086026148432003
0.22642270521036675
-2.9486843474205617
0.4086026148432003
0.22642270521036675
-2.9486843474205617
0.4086026148432003
0.22642270521036675
-2.9486843474205617
0.1742791644260727
0.46696793132280773
-2.9685112663494553
0.07947070792312955
0.0013356303028979042
-2.989664181208809
0.08333414419286368
0.0065213018541620486
-2.9896544422212017
0.1791441890921755
0.46551406536937706
-2.969227703130655
0.1791441890921755
0.46551406536937706
-2.969227703130655
0.2496724154368312
0.5894981543243781
-2.914517339657229
0.2496724154368312
0.5894981543243781
-2.914517339657229
0.18027000096556717
0.46162342363745795
-2.970774342215322
0.23082466174690028
0.3975917681725061
-2.9523680249863644
0.12389138337669574
0.003369420698709336
-2.989448772360206
0.12776255016568058
0.017377696312509135
-2.9893938421142403
0.12776255016568058
0.017377696312509135
-2.9893938421142403
0.18143631041910227
0.442017393016371
-2.9231454813456805
0.18143631041910227
0.442017393016371
-2.9231454813456805
0.18308829972312826
0.4400123947216869
-2.923972532691099
0.18308829972312826
0.4400123947216869
-2.923972532691099
0.1649982636802052
0.0048932057289114905
-2.9890307846424977
0.18884810915239952
0.43531041570510604
-2.9259169808038745
0.1732161668594668
0.00516608861708111
-2.9889245494747163
0.4022433769759494
0.3608604225350048
-2.9231613686199496
0.007283783928873292
0.5077811384327057
-2.9589816244622154
0.00942715194268039
0.5052398926646219
-2.960325237197025
0.20171884231106335
0.01463951942108935
-2.9884894725410964
0.46016884530532753
0.210963576302811
-2.947895632912615
0.46016884530532753
0.210963576302811
-2.947895632912615
0.22205814355910863
0.015117230257678783
-2.9881422207823594
0.20932877966334137
0.41748235296599123
-2.933040589112806
0.20768128077315218
0.4164150617818077
-2.9334299041425544
0.41760366846149943
0.5433636576622304
-2.8672601424958035
0.2184176084142492
0.4258477307995961
-2.985393745481574
0.25030673021343924
0.015762563196952607
-2.9876022663467463
0.25030673021343924
0.015762563196952607
-2.9876022663467463
0.25030673021343924
0.015762563196952607
-2.9876022663467463
0.25030673021343924
0.015762563196952607
-2.9876022663467463
0.2742900740233126
0.016298062190539274
-2.987096075694217
0.2742900740233126
0.016298062190539274
-2.987096075694217
0.2860451257193756
0.024786013059476208
-2.986810223540182
0.07316904915905031
0.4984972318132832
-2.944227560940504
0.07316904915905031
0.4984972318132832
-2.944227560940504
0.30568583920518144
0.029241669025995256
-2.9863377702999614
0.30568583920518144
0.029241669025995256
-2.9863377702999614
0.5239041089706773
-0.3174049522941042
-2.9713219545137473
0.5239041089706773
-0.3174049522941042
-2.9713219545137473
0.5239041089706773
-0.3174049522941042
-2.9713219545137473
0.5239041089706773
-0.3174049522941042
-2.9713219545137473
0.5239041089706773
-0.3174049522941042
-2.9713219545137473
0.5239041089706773
-0.3174049522941042
-2.9713219545137473
0.2062597962124561
-0.729613406017083
-2.923465526961605
0.2062597962124561
-0.729613406017083
-2.923465526961605
0.2062597962124561
-0.729613406017083
-2.923465526961605
0.2062597962124561
-0.729613406017083
-2.923465526961605
0.2062597962124561
-0.729613406017083
-2.923465526961605
0.2062597962124561
-0.729613406017083
-2.923465526961605
0.2062597962124561
-0.729613406017083
-2.923465526961605
0.2062597962124561
-0.729613406017083
-2.923465526961605
0.33144491825164407
-0.2413755535371562
-2.992957304226693
0.33144491825164407
-0.2413755535371562
-2.992957304226693
0.33144491825164407
-0.2413755535371562
-2.992957304226693
0.33144491825164407
-0.2413755535371562
-2.992957304226693
0.33144491825164407
-0.2413755535371562
-2.992957304226693
0.41289393386856593
0.03512522880787034
-2.983488255893621
0.41289393386856593
0.03512522880787034
-2.983488255893621
0.5056549832531291
-0.26151646316583266
-2.946375438008082
0.5056549832531291
-0.26151646316583266
-2.946375438008082
0.5056549832531291
-0.26151646316583266
-2.946375438008082
0.5056549832531291
-0.26151646316583266
-2.946375438008082
0.5056549832531291
-0.26151646316583266
-2.946375438008082
0.5056549832531291
-0.26151646316583266
-2.946375438008082
0.4605880616909043
0.04377039891493141
-2.9820956281016633
0.19081230099309532
0.5612927882207728
-2.9621580849354423
0.19081230099309532
0.5612927882207728
-2.9621580849354423
0.3668626223527936
0.4507919972887508
-2.9275895982364575
0.6204997152990377
0.1801317668720208
-2.8938332108756337
0.1193542129209113
0.24166387206823847
-2.9968865319954916
0.6281298802184286
0.17592948237268033
-2.894015046559929
0.1310173396881069
0.22217864400459664
-3.0007452659716907
0.20510593706507335
0.5340261931519036
-2.9770639399572234
0.4060545022454425
0.2864659875073461
-2.9716001935159846
0.4000827582709512
0.44485679768270536
-2.986739701556387
0.5573982145515025
0.32048928865068477
-2.9171807616492447
0.1711499294511583
0.1778174380909737
-3.0635831035187646
0.18775913729400306
0.16671306151489557
-3.0105947618745086
0.18775913729400306
0.16671306151489557
-3.0105947618745086
0.6692085221929126
0.11948318731372028
-2.8972659290308362
0.5522297150919455
0.04521682095412367
-2.9795456236970255
0.45456553593427124
0.26266453791241834
-2.9761518426799345
0.5624321901938266
0.04538032952580121
-2.979282832848135
0.24113756482492577
0.13322381494036506
-3.015985263322276
0.4698042989757401
0.26002429385594683
-2.976514087634101
0.4698042989757401
0.26002429385594683
-2.976514087634101
0.48022167217204575
0.25561989941086377
-2.9772772092935025
0.4859701096336176
0.249172759594776
-2.978465760289206
0.28062461266720234
0.09763641927933844
-3.0199182062534
0.010168067128632274
0.231945769681681
-3.0563528263566737
0.5449359711813591
0.21995038098209654
-2.9982080271362173
0.7425360003512156
-0.07039957348761933
-2.917513070105017
0.31322176750369735
0.09634295764882937
-3.0207260509856617
0.5233032884924377
0.16399132356135276
-2.9878061439898294
0.5233032884924377
0.16399132356135276
-2.9878061439898294
0.5328374575404922
0.23960173043214766
-2.979847926933508
0.34461223488436216
0.0966094471825418
-3.0212767044762523
0.6283137737974396
0.05108537592038973
-2.9262849913749687
0.5452748839353063
0.15226145179004955
-2.9894618774914226
0.667860864022025
0.29178017897512715
-2.922357610016265
0.6442708834487206
0.02955126124571746
-2.9260780866347247
0.6442708834487206
0.02955126124571746
-2.9260780866347247
0.6442708834487206
0.02955126124571746
-2.9260780866347247
0.45356473158626687
0.13619898534480535
-3.0362725441486336
0.40652305769797936
0.08057321289849373
-3.0230212056853127
0.40652305769797936
0.08057321289849373
-3.0230212056853127
0.5912210157348388
0.15997492801521138
-2.9888024953485104
0.4292515448283518
0.0782136184513267
-3.0234059173226786
0.4292515448283518
0.0782136184513267
-3.0234059173226786
0.6888216266003118
0.048390340635145634
-2.9255454524221416
0.6945592721350418
0.05204376548345927
-2.9255059799353034
0.6945592721350418
0.05204376548345927
-2.9255059799353034
0.8083111752088822
0.14956176344415445
-2.8927732443824175
0.8083111752088822
0.14956176344415445
-2.8927732443824175
0.48055017523196314
0.06856339532130852
-3.0244443504964473
0.04891928069757306
0.4133121943933033
-3.0969279858964147
0.2966117522856709
0.7342500549371886
-3.0148448332706024
0.578963442121823
0.3227370142083279
-2.9774017899206595
0.4072738249285211
0.32453112860729094
-3.06371897952623
0.7679466854466833
0.27053073028710295
-2.979656045893286
0.8395397810013038
0.13721759886876667
-2.894053485240853
0.6262419658864663
0.28719716042856885
-3.003992170366946
0.8472457962905374
0.14546004864891537
-2.893417120556485
0.6782901056896001
0.1915079872959501
-2.98809337721126
0.6782901056896001
0.1915079872959501
-2.98809337721126
0.618687309309161
0.2983619694335705
-2.984922791424817
0.618687309309161
0.2983619694335705
-2.984922791424817
0.8946524756648496
0.11371679856187338
-2.8829640303346453
0.8946524756648496
0.11371679856187338
-2.8829640303346453
0.8946524756648496
0.11371679856187338
-2.8829640303346453
0.4448444497890469
0.43241715214072995
-3.043549447224851
0.7900678855870495
0.056893286550017484
-2.9264143380775374
0.7931248540432232
0.036430931204162534
-2.9265150779571747
0.7931248540432232
0.036430931204162534
-2.9265150779571747
0.8957663589595293
0.14098820755462244
-2.8951226586520367
0.7343055324793932
0.1730892987336691
-2.992152390891165
0.671457222110201
0.30372295453500514
-2.9867421888882677
0.671457222110201
0.30372295453500514
-2.9867421888882677
0.5309865386686253
0.2654362244292692
-3.081865200132912
0.7539970925492406
0.17721721643893149
-2.9924716663199318
0.3416047229228231
0.10084187579055003
-3.1275548400551023
0.81922941091762
0.3301282223438821
-2.9207584547472587
0.5576383042264551
0.25481847910356803
-3.085370286720049
0.7868572561191451
0.15438798535411233
-2.9617486647797686
0.6575436880813705
0.058105729058538294
-3.0297329220771445
0.6575436880813705
0.058105729058538294
-3.0297329220771445
0.666591542193126
0.06690488354553523
-3.030014643216348
0.7899235847941352
0.17160497047456033
-2.995251520020122
0.7930879145861573
0.1783799929164705
-2.994636687080293
0.9493062430088662
0.13681526657630178
-2.8986403485023575
0.6897877503891444
0.05783433236598868
-3.0316499543348034
0.9573213559849061
0.1333354263922203
-2.899591920995051
0.75042810833058
0.28086724531990626
-2.9651265089121717
0.8802711611896221
0.048408132290446756
-2.9311913311037427
1.0366345610225165
0.043478891501691895
-2.882324256564373
1.0366345610225165
0.043478891501691895
-2.882324256564373
0.8940291922374753
0.07905843366156766
-2.9314932025512843
0.9809608473025935
0.13181634566483186
-2.902044134193741
0.9195259287665899
0.19937045202539566
-2.915338251673207
0.6532583331202773
0.23319626560679713
-3.0963600638929587
0.6532583331202773
0.23319626560679713
-3.0963600638929587
0.8906807297354139
0.3030765938844732
-2.9362970936257846
0.8147093668728878
0.2522283489433343
-2.9942333409831687
0.8493511217919734
0.42929368025167813
-2.952150765856623
1.0067287442062034
0.11844469368209398
-2.9060815825566904
1.0067287442062034
0.11844469368209398
-2.9060815825566904
1.0067287442062034
0.11844469368209398
-2.9060815825566904
1.0067287442062034
0.11844469368209398
-2.9060815825566904
1.0450947457232471
0.2629759351061164
-2.8833279217980947
0.8180379265566078
0.24523669462437295
-3.0146213650889564
1.0301945727117132
0.12914349148670506
-2.9091247760101724
0.8945631398015121
0.1554480113859642
-3.00847082218287
1.0371227326414005
0.13162527383381006
-2.910154511281803
0.8176626532055192
0.06332688946238012
-3.009413119510964
1.0858953671417781
0.0409065980250533
-2.844128373340507
0.8164052147231184
0.2591684960449474
-2.996980107286796
1.0673488138115963
0.1292079882311726
-2.9317859539419615
0.9024170611295673
0.15039625185928038
-2.9602242440146096
0.951790128477621
0.309851682365557
-2.9793007972315078
0.9235018196095646
0.15283945499150828
-3.0138027760322474
0.9118114933669108
0.15283289712246165
-2.9617406798518813
0.9088461907521331
-0.034478685259646404
-2.9704477361709327
0.9901405653703589
0.04801943236080596
-2.9466509264328793
0.9935996808402509
0.04511111084498444
-2.9473700084418804
0.9241816826966237
0.14861115732166305
-2.9647123573320653
1.0201652571996922
0.04399473948602072
-2.9684749394555987
1.003481238469658
0.05141576276888019
-2.9495668597258056
1.003481238469658
0.05141576276888019
-2.9495668597258056
0.7752641554579033
0.18326175143438098
-3.066877157065382
1.0118147120683145
0.04572177735286567
-2.951477903498872
0.9444225389035639
0.1376859729318267
-2.9704101412978523
1.089752880050789
0.12140833861273928
-2.9225048417860267
0.9643583621208546
0.14654746712290678
-3.023349028280477
0.9643583621208546
0.14654746712290678
-3.023349028280477
0.9079238999506736
0.24774184292013043
-2.999543394872016
1.1622221402902995
0.040161653383238655
-2.905210957438945
0.9611556454891674
0.1367095890911742
-2.9746168501283656
1.0341188709219142
0.046507532627683576
-2.957088297515702
1.1092432428140082
0.12360376749102682
-2.927613359302828
0.8255113030459917
0.18600628712500888
-3.1322334813065362
0.8987973153964995
0.05929613758545807
-3.0623774794451744
1.046547788539399
0.046961380399356135
-2.9604471125974685
1.044936590879979
0.07221561984701451
-2.99110167793376
1.044936590879979
0.07221561984701451
-2.99110167793376
0.9839384439392134
0.13553115301856367
-2.9807641847780673
1.1675336569226784
0.0391716826423475
-2.8647438027022534
1.0102815792767186
0.12924805669905093
-3.003287432469956
1.2502832131647446
0.1042271808630876
-2.856973347174798
1.136767471058317
0.11519103711597671
-2.9363218146847982
1.1183433006232182
0.13175187322884524
-2.91577306064537
1.0031953159065927
0.13464485670201856
-2.986178503269665
1.142518917818262
0.11251544603426274
-2.938254270450408
1.1444829912130623
-0.0150224597059957
-2.9433123554296374
1.022777685568154
-0.02129577357784334
-3.0467719982322876
1.08917818390392
0.19617954857100894
-2.954359452703398
1.152000456645847
-0.01709135248212171
-2.945338596874419
1.152000456645847
-0.01709135248212171
-2.945338596874419
1.1382935225203226
0.108076651275909
-2.9230421192542306
1.1577317889274032
-0.014048738939098027
-2.947245004676475
1.1577317889274032
-0.014048738939098027
-2.947245004676475
1.1577317889274032
-0.014048738939098027
-2.947245004676475
1.2797939996607486
0.10266945342764423
-2.8664269252734047
1.2797939996607486
0.10266945342764423
-2.8664269252734047
1.2105781050433384
0.059695226028326824
-2.904858335513562
1.1684105193676833
-0.01586488957833995
-2.9501039845159758
1.1699293723454853
-0.01575223356664351
-2.950530459830143
1.1735065971584848
0.10453697977265736
-2.9478907374148915
1.0531585661529617
-0.021939818499448913
-3.054720760475353
1.220635483498028
0.18751980549544717
-2.8937406157062
1.220635483498028
0.18751980549544717
-2.8937406157062
1.220635483498028
0.18751980549544717
-2.8937406157062
1.243435950037576
0.16843176336142499
-2.9167059016528096
1.0107276980870936
0.23275964114388537
-3.117324199108134
1.319952550470501
0.10037620314513937
-2.9195360280708242
1.2121725429576415
0.26446186149836276
-2.9478833463479694
1.1839325781263599
0.12226020641238279
-2.9492892130982256
1.0884190942996144
0.11648833032576358
-3.075357950052491
1.205932059136033
0.12328079022323923
-2.9707500512679053
1.267284202456557
0.049102888369011055
-2.9496627661642787
1.2122349467062061
0.10986334023791063
-3.003171876148056
1.151966520543643
0.19447054271658445
-3.0190210805352113
1.1539733934119798
0.2109497825201565
-3.018158222359274
1.2165047070609476
0.132670076857743
-3.0025891988596327
1.2611303660645312
0.05378066900264569
-2.9614179805451233
1.3161158229665564
0.11569566052970061
-2.9026213674274737
1.2798864295915795
0.049687051740322015
-2.952772770104385
1.319227344612877
0.11350172323690944
-2.9034845873359925
1.2265740168421098
0.11993067089384263
-3.0057943129565023
1.3715231006395017
0.16795809107193438
-2.845048457704434
1.3715231006395017
0.16795809107193438
-2.845048457704434
1.250204276496113
0.09798496267308619
-3.0297022386677455
1.2353958270622938
0.12256108469641513
-3.0074198078963175
1.4089503905714122
0.08804718081023943
-2.8105139664243923
1.281744997377461
0.04010970121871314
-2.9656977372523228
1.192934453157843
0.03729325435150484
-3.060792883636129
1.3354124131008969
0.10254217854589756
-2.9075874799265016
1.3026477179026577
0.17737429205451682
-2.9460474884958012
1.1497424181082212
-0.04316771378189144
-3.1091873847473703
1.2073554035068412
0.19826273714033274
-3.048474249584856
1.2073554035068412
0.19826273714033274
-3.048474249584856
1.3248185506089432
0.1821640461518582
-3.008357105467093
1.452002205195447
0.09952422814688079
-2.858870382474849
1.3569278132762324
0.10685371781052859
-2.9387075708975314
1.2958592293514122
0.057828727235253244
-2.9663715038178027
