-0.5587807075497939
0.09341238441090696
-0.9446181185548485
-1.0081673370345323
1.4175359585920377
-2.2661945923610642
-1.0081673370345323
1.4175359585920377
-2.2661945923610642
-0.9060881739440996
1.4116352708969557
-2.2318740112286526
-0.9060881739440996
1.4116352708969557
-2.2318740112286526
-6.269409943778745
6.527094001662573
-14.160082091832344
-0.5050347700621065
0.08547253334029148
-0.9442286116438857
-0.48252501431466294
0.08847997718618433
-0.9620267305689556
-0.500243258518726
0.08848651929662854
-0.9447544244607089
-0.4903707406032248
0.0708879356401625
-0.9434947118614103
-0.4654417662145666
0.08236144867951195
-0.9612830508345851
-0.4654417662145666
0.08236144867951195
-0.9612830508345851
-0.4601592279658719
0.06717429038508944
-0.959301443989317
-0.45497400327929927
0.06588725829800914
-0.9641483203143215
-0.4469438265806231
0.08763509177617708
-0.9585199704181842
-0.43969969736062237
0.08203726727409849
-0.957864607270776
-0.4134253546710327
0.060318546963301634
-0.9840035166798503
-0.41842849717886993
0.09665496803349787
-0.9738317369959835
-0.42825948291134625
0.07604116258910729
-0.9523428187201234
-0.3979995803999691
0.06295321138979924
-0.9841615107193727
-0.39219907401128895
0.08349549612322606
-0.977743246608704
-0.39986339332282883
0.07088066924944125
-0.9660385181905602
-0.39662719526411716
0.0704360354724177
-0.9659839707803985
-0.4097522738085189
0.06281489444255561
-0.960259091445936
-0.3734317453290889
0.08279844713517419
-0.9756368333039926
-0.3845736876663822
0.05585517928383759
-0.9680384887378297
-0.35770771282996716
0.07232214824208842
-0.9789901530988232
-0.35840262734162526
0.06367165359386423
-0.9824842056857767
-0.3487488459441701
0.07310179137008327
-0.9822653303048702
-0.35006640339392525
0.07576363428101315
-0.9732841220863292
-0.3381154644507284
0.07768229346975492
-0.9800783629300817
-0.36095033130876164
0.06525310729074849
-0.9576003737366952
-0.337091356016968
0.08274487655917123
-0.9671963560761164
-0.35755548588352937
0.029009943698260925
-0.9628742742479017
-0.33690458769880527
0.06747745352165492
-0.9640484889787566
-0.31518865297699167
0.06705981232276194
-0.9720828819516445
-0.3159928886413898
0.09227509257428856
-0.968973597381964
-0.29538253506081075
0.08110969871723325
-0.9742376140971103
-0.32630639615157747
0.06402076164006888
-0.9579824740844332
-0.289354642959942
0.06814103807723852
-0.9788016937732847
-0.2800505885978317
0.07444715049128957
-0.9768391895964883
-0.25197435302261706
0.07800401071764654
-0.987925903557146
-0.2870422405846458
0.08096098299854332
-0.9678636381795365
-0.30170686793224577
0.07838352561512932
-0.9540785908639534
-0.27877644620872655
0.06675722973079985
-0.9713306742405858
-0.2535437018581135
0.06416409672219797
-0.9782500612377417
-0.2606117679605059
0.07768865916771107
-0.9740120203450998
-0.27615096542233636
0.0559037608972088
-0.95967869491733
-0.2585486005602183
0.05782658300677052
-0.9680496604934097
-0.2602792337577444
0.05613697422367981
-0.9672668920764225
-0.2401930983770337
0.0702637648452213
-0.9720513482044346
-0.19409309038142836
0.1004429455937019
-0.9883414337883578
-0.2634653331974927
0.07277437775566145
-0.9601590371641017
-0.2326891711959483
0.07977122507766041
-0.9655189190176824
-0.2141804345451157
0.09702934647576629
-0.9679636469447426
-0.21204768829619416
0.06931887333367319
-0.9686039634297001
-0.19184412232122205
0.10461731580421182
-0.9743315445755547
-0.20334513769388576
0.07177837909284611
-0.9679992389376011
-0.19520792477545276
0.03147596008397328
-0.983095320107765
-0.17761070608721014
0.08177649972716068
-0.9741323098487362
-0.23178740656511296
0.0427524929655988
-0.9627930386726502
-0.17030419646418948
0.0447432203124286
-0.9762447903670204
-0.245317660999728
0.05887829791265714
-0.9606029485482251
-0.22597672517011785
0.08894132342661937
-0.9448461452824012
-0.16955911167947488
0.07687531255153825
-0.9711952358065896
-0.194092483503409
0.06660083252470439
-0.9622283267207656
-0.1651957237149222
0.05252786574079917
-0.9676095379686463
-0.1484028089851433
0.028684782625030603
-0.981202691099631
-0.17248535766068507
0.045726965671434805
-0.9602164737093322
-0.15672584516362506
0.0933512143706974
-0.9713935308710033
-0.18249438761724945
0.057010975255326134
-0.9676806301868551
-0.1574318689293052
0.044344388306724776
-0.9655345060118459
-0.10650241719098485
0.1302992229008056
-0.9726584344621175
-0.15302742976075243
0.0681568737404868
-0.9620826833299294
-0.10688713790424324
0.07211686880732093
-0.9695945832364008
-0.09890286989622753
0.07951265891322477
-0.9788584902838812
-0.10384914059723063
0.032214707413682896
-0.9737720594963167
-0.11635342194194154
0.0784031474823507
-0.9624410743169556
-0.11051487185181837
0.07976884831463185
-0.9730946699157887
-0.07481628477029244
0.08370335027915901
-0.9670012992628692
-0.1456033068301091
0.07402399939850884
-0.9533269154435817
-0.10553301075458094
0.10150992479825752
-0.9566787658982555
-0.10071360092440611
0.0117632189097616
-0.9728266893066642
-0.07159743493831774
0.036740664065187244
-0.9665277138299628
-0.10995025322393982
0.058315017649367196
-0.9585136716785414
-0.08062515797759598
0.03957311137612069
-0.9647225558322501
-0.0638951923535513
0.05479537053757624
-0.9646267754472658
-0.04343010529624934
0.12255490602543107
-0.9576168363049867
-0.03867513834732406
0.1264052930734535
-0.9566629973723147
-0.022589824734951042
0.12462743787428793
-0.9612421639562702
-0.03260185783020644
0.07136563661651935
-0.96383141950317
-0.06631716457120483
0.05455353084412766
-0.9598042042597614
-0.13143481951932673
-0.0018141708471784543
-0.9542237704812555
-0.035603107807596394
0.07685916891045105
-0.9602690561000101
-0.03407875339749327
0.0862877261699176
-0.9601734590294329
-0.036957178503510844
0.09260591164236744
-0.9587645448860191
-0.03435554550347045
0.06235003411458544
-0.959665056802511
-6.220651527754865e-05
0.12947609898345236
-0.9515880260400301
0.00934031052469726
0.06330988523536644
-0.9585567325381822
0.0017598561166313877
0.04201568459373223
-0.9590251775711227
0.01702629106138322
0.0824912102191007
-0.9628962653289979
0.010613043462953175
0.11642589927918497
-0.9511934340518864
0.010613043462953175
0.11642589927918497
-0.9511934340518864
0.02017199600619007
0.11726693244106835
-0.950977020243882
-0.008843027015040621
0.10740963575810455
-0.9531403870545686
0.03751516063919653
0.14793540614709713
-0.9427569197901634
-0.004900252198109727
0.09350391059874956
-0.9544622162237862
0.05986759178436487
0.10435322747634355
-0.9501170194945923
0.0221439299466559
0.09692831249448107
-0.9541990049570463
0.05464640973353963
0.09227412756595978
-0.9573013689914287
0.03353142391435487
0.0778593054773378
-0.9451280788867833
0.021893191445713583
0.14489988238221374
-0.9530965629201464
0.03411723801755754
0.1481573659648115
-0.9515617563116511
0.046507918482552285
0.11599694923150099
-0.9514617207798415
0.061355087299470396
0.12503094571700665
-0.9486540994195108
0.04923764830169759
0.0833965039576303
-0.950662337118617
0.032080923362056035
0.12751037849550304
-0.9583986191479209
0.07069572516172257
0.135572212691756
-0.9438507478922603
0.06479799036068531
0.09999862207954457
-0.954227618766538
0.10391658468699863
0.13030335307176444
-0.9405896604056562
0.091659963616651
0.08268207996489231
-0.9541143198561016
0.11307023687547665
0.09809176495306177
-0.9495156261786935
0.11967858855620914
0.07106167920221401
-0.954214273630935
0.09870711416070842
0.1533964739700538
-0.9416837301043541
0.08801452659014838
0.11081068405654926
-0.9532682851078964
0.11960899274583502
0.10913646544738795
-0.9535355625627573
0.11113115853908449
0.12474231524543626
-0.9509604482897516
0.15319236249721596
0.1284000214205315
-0.9411981992273881
0.14985680962404857
0.11592714502337535
-0.9402475948248671
0.1505630382121066
0.11770213529833443
-0.9453814836485466
0.12421058959880749
0.12467045649105535
-0.9458890377920827
0.1921209534516691
0.10172509461053214
-0.9380817584820758
0.14912095267046302
0.12931258678707538
-0.9436163224018279
0.14021751638208677
0.11966556173287456
-0.9477993187085129
0.1588522102965976
0.11272764194860793
-0.9475216006478302
0.13779997315458434
0.130939253458916
-0.9524945482703985
0.15704679106329408
0.1148535422745231
-0.9495964226686185
0.1653034172081447
0.09110268119245196
-0.948998274281149
0.16771836925743466
0.11202706791155252
-0.9506586504915564
0.19224894537499637
0.09562403627311922
-0.9410328904441176
0.16707704578401456
0.09395396780042657
-0.9567181368452969
0.22539350065735636
0.09076297870486948
-0.936645697376637
0.20739261673337195
0.12303758302908942
-0.9432057233244024
0.19988433495476413
0.16906900605341518
-0.9440582009885664
0.13909456834516795
0.13021699296866185
-0.9716943474254653
0.19165858874933323
0.10546859041820918
-0.9562376267276623
0.17127426813025548
0.11669211527744092
-0.9646669104519628
0.2152858112100832
0.13379751732896075
-0.9459886808441539
0.21189341138092996
0.10760926895279749
-0.9530225175407239
0.23977692688734742
0.09981664635232888
-0.9483484293389736
0.25726582702212675
0.09103055381927866
-0.9360233480393747
0.1983201591306152
0.11338303706261059
-0.9705138965219741
0.21952893195565285
0.11649202712994415
-0.9580531806384166
0.2508562387097134
0.10173862728492639
-0.9447101821425492
0.24148947044924504
0.10732455849952566
-0.952626703228879
0.2573003391452576
0.08959753227157424
-0.9449119377600714
0.24850358191892327
0.1040823257865503
-0.9539042529991522
0.30517943879664955
0.06570196036085327
-0.9249074674909736
0.2687936266779696
0.10588783436903851
-0.9460197508327559
0.25871179058448374
0.09201904832670554
-0.9550460424894568
0.26329029956309685
0.10279959531153612
-0.9564314500629391
0.26804428862817775
0.11096833061833555
-0.9558736338619072
0.2950261372723055
0.11714472431817892
-0.9359792446054114
0.2826111386496519
0.10752640594515844
-0.9491270975144528
0.2677610202928917
0.10025151105257255
-0.9619001356487054
0.30640525732833646
0.08890440063186944
-0.9432898237009492
0.2993276875034332
0.09322155513054395
-0.957617301265909
0.3050696934345773
0.11278496834099469
-0.9476344821565899
0.31233378064126627
0.1057023838539608
-0.950780198970072
0.3273277226454499
0.09794933928307996
-0.9412989350589458
0.34765481825129296
0.08646264539625799
-0.9290537675884041
0.35570416404821503
0.08210490533144062
-0.9287351999500341
0.33387471232480503
0.11627826973390057
-0.9480101086511541
0.3240037286777439
0.13066801780353407
-0.9613238008152767
0.35169480095736105
0.11235610406302309
-0.9405907152618307
0.34552620568465264
0.09416436508653826
-0.9486407891296087
0.36853147366317235
0.09156033523815606
-0.942229739964347
0.3631149103272772
0.0876785413328797
-0.9448973330292731
0.3654255219328544
0.09614118400252686
-0.9464086861149245
0.3873504997816963
0.10436598096845161
-0.9331569923108052
0.3812093500564666
0.10715510617032344
-0.9446899855970595
0.37927543984626505
0.10453992049138422
-0.9480078513668669
0.3726152223278444
0.11293799753736074
-0.9549283978259697
0.40471712055753145
0.11502982107977963
-0.9307308487990191
0.3851928216279161
0.11249922158978932
-0.9546238062275358
0.3920105739590115
0.11278892592742995
-0.9542098246449834
0.4106224523934974
0.11057373601148317
-0.9473251876192307
0.41354128705700927
0.10868734033507242
-0.9418307074330002
