-0.5248347504457174
0.1146465797856664
-1.0959449241423336
-0.5248347504457174
0.1146465797856664
-1.0959449241423336
-0.5308444064908099
0.10431749031280872
-1.090279830619419
-0.5770631759782451
0.05016066150702189
-1.0436261629215835
-0.577854013246151
0.05693808337151724
-1.042135093383515
-0.4687015810689864
0.08259273601959224
-1.1607893354073353
-0.5751852712175733
0.05812942163056293
-1.0340616280066306
-0.559630930240787
0.06431099479899265
-1.0663505130217517
-0.5199077629283597
0.07172671640628103
-1.1275459000293406
-0.5632264519146258
0.11153900711419275
-1.0712479169528812
-0.5443645225409877
0.09746116824843568
-1.079732580235994
-0.5350330487423551
0.07988995448507395
-1.1072949563143715
-0.48290864029572445
0.06486774320511388
-1.1771496598323716
-0.5443506100371681
0.04797354112873645
-1.1277556779807154
-0.5458930113475493
0.09291507284338857
-1.1116727306560807
-0.5129220948119114
0.07335442375484055
-1.1592406999751974
-0.5010432770458196
0.08553898595351553
-1.1755832662988712
-0.48383986260036116
0.12376574077389359
-1.1941672882572822
-0.4747115787832097
0.11659994464483543
-1.2115908300816756
-0.539137479797768
0.0691512477922533
-1.1722456670576518
-0.4597385325786855
0.05140898270501836
-1.2319708912518768
-0.4875974496211517
0.08302022258509356
-1.2120595003493704
-0.4931061108133606
0.057218449407802935
-1.2137795122257007
-0.5310199770983421
0.04493323511236403
-1.1741050642835458
-0.5145304892245108
0.05697767324935284
-1.1999404982353619
-0.5315767962939759
0.09739326262158013
-1.2183790186306047
-0.44921571598870685
0.1097734052929626
-1.2528697268864033
-0.4815876967253714
0.08707859070750444
-1.2393916694571951
-0.562342215614257
0.1074597339959127
-1.1672402396878274
-0.4929794895533607
0.09851385883605296
-1.2268787335712275
-0.5109502586516527
0.08555959446655945
-1.2223490942334434
-0.513823113465714
0.061837136917964414
-1.2193778701140074
-0.4972592283593419
0.08510559262526
-1.238764454862712
-0.5695472759397385
0.07174334546610042
-1.1938224448154042
-0.5148233599604103
0.07134118951000806
-1.2390584019797668
-0.4781974500451528
0.1183588088071111
-1.2707339024026307
-0.23986522044419345
0.2470588207946736
-1.2922637383767188
-0.23986522044419345
0.2470588207946736
-1.2922637383767188
-0.23986522044419345
0.2470588207946736
-1.2922637383767188
-0.23986522044419345
0.2470588207946736
-1.2922637383767188
-0.4329412177672101
0.10060630226807663
-1.3249857818933015
-0.4907139843810249
0.059708778475165154
-1.2911399250729423
-0.4126024235954091
0.1496721602578117
-1.35069059146975
-0.5884922876980694
0.07689596493039892
-1.2345571852185715
-0.4724984736370235
0.05347345124896639
-1.3150239989661507
-0.5377046030459081
0.06464107146959827
-1.262296592084674
-0.5307901863875992
0.11827494845457553
-1.2682992786858993
-0.4248456152559289
0.08399391355725715
-1.3609052095295475
-0.517470213265537
0.07804218513598499
-1.2952175885767054
-0.4548693493155175
0.10758942407165437
-1.3436997404419337
-0.5201637288400454
0.1027471613709109
-1.3070544638206678
-0.34331015575227664
0.15650614021262743
-1.4275160639514701
-0.3746706990501514
0.13973100695561338
-1.4304907108240026
-0.4279597763719924
0.022276553422518604
-1.3847578559125155
-0.5780858018214228
0.04837111648898976
-1.2668144307408251
-0.4648781015798859
0.0905619117834033
-1.3700923914528929
-0.535073152757809
0.0526633172402154
-1.3274206258651142
-0.533892224647684
0.052748975055135504
-1.334155990221719
-0.4320496105622942
0.1489865508612199
-1.4007025373822009
-0.5136386231562866
0.0976250602605409
-1.3456643173258684
-0.4600300230321118
0.10689588495855731
-1.3970869780884143
-0.5742768512168334
0.06930346075428442
-1.3292694580971076
-0.401563691883991
0.09420623347875534
-1.4448902425771355
-0.47667522807707874
0.0831169679504317
-1.433153417669643
-0.4987420182948778
0.046440001031192564
-1.3851157353578791
-0.4859552847085774
0.1891710622702366
-1.3863704936033399
-0.5246195280877651
0.09577792159645042
-1.3624688267014928
-0.3042860470543547
0.16651157728572377
-1.5150804862648037
-0.3042860470543547
0.16651157728572377
-1.5150804862648037
-0.38563804766899695
0.05229673909399335
-1.475116315048133
-0.538960349132239
0.027086679931061928
-1.3720145178909924
-0.49428124499445864
0.0494829802165548
-1.41138250669916
-0.4111171211642636
0.09507177538906622
-1.4923119603466228
-0.5037128192779853
0.1025115369828035
-1.4095030934436235
-0.404435856578691
0.12229089350170526
-1.4954730513861065
-0.37935556245204866
0.1447805104771042
-1.503459468518089
-0.5398505299805298
0.11742069542183074
-1.405071881296551
-0.4319624165993772
0.07458560399828472
-1.479742261693904
-0.5052022279184052
0.08438105790827484
-1.4333444464723912
-0.4824401873221447
0.09852646208208758
-1.4578604552374672
-0.46269521275531755
0.06665371244779959
-1.4691911552496117
-0.511187490857145
0.09973780810976894
-1.4480303749197034
-0.4371959871854246
-0.041745229130239064
-1.5014336373392279
-0.32285159002699687
0.17234755565326024
-1.5707489791886042
-0.5399253164205218
0.11922841612379306
-1.4478475705073683
-0.5350703258999421
0.09494415944231854
-1.4456211923218243
-0.5024539228573297
0.061917570717530734
-1.4733870454738534
-0.502444798939697
0.10234221256559642
-1.4761514568874954
-0.5007348001864043
0.014179565187974766
-1.48921258676608
-0.5049518975006765
0.08105489727484513
-1.4907772936929382
-0.4723417182575283
0.11327633644750165
-1.511741283752901
-0.44846778090986683
0.15257521705469337
-1.5387312477298944
-0.4860730751384893
0.08281693872919837
-1.52332713599917
-0.4718821736817905
0.09565281595865906
-1.5391280577881452
-0.37829934829830875
0.12292605654676786
-1.582246272765113
-0.3926127818913395
0.08090262641394214
-1.583157949372472
-0.49621106717832386
0.039598557693065
-1.5185575958926072
-0.5222858995590542
0.05822759819609443
-1.5142374762332662
-0.4181971042705434
0.057711476340107815
-1.5840978698098471
-0.5190267292843899
0.026516461786012777
-1.5181468369652829
-0.4990619126365266
0.05006478839138744
-1.5457233418502412
-0.4779189118467163
0.02445484309936583
-1.5541716021284542
-0.4084171293973718
0.1822012438547315
-1.6029193196777916
-0.3385007953645044
0.11856861648829832
-1.6428830259369265
-0.44836108155169235
0.07359446141818393
-1.591740890170352
-0.493040813049749
0.12059688380338458
-1.5568055457162218
-0.42046560782949116
0.06257017657626908
-1.6144062430411654
-0.5381424486179768
0.05029506947860225
-1.5481052654306733
-0.40459996772178447
0.0015268682315704729
-1.629483662302592
-0.4706762522233359
0.004703758613164623
-1.609620824811788
-0.469959694872045
0.029043966954114805
-1.6053405097721998
-0.5365984432314294
0.12109563949837333
-1.572883996576499
-0.580081032043741
0.07305079147298421
-1.5713878909234442
-0.46062868982220406
0.12899841054443745
-1.6130976312981244
-0.5045156974511821
0.0027786301464100406
-1.6045646639731583
-0.5293741855525608
0.05587626472511353
-1.5934083526690028
-0.4043555990079557
0.11281844103954919
-1.6726169162516162
-0.23558114536723798
0.27891783874657317
-1.738787962687922
-0.3677606036396073
0.13325712415397026
-1.706062374620936
-0.3677606036396073
0.13325712415397026
-1.706062374620936
-0.43017151879629256
0.07902135788692041
-1.6743520587565288
-0.5341423118782754
0.09002209966850196
-1.6142512971812024
-0.37168037829692374
0.10162482726697206
-1.7188148651398405
-0.6120740273763587
0.1258413287065852
-1.565181244503294
-0.6120740273763587
0.1258413287065852
-1.565181244503294
-0.5100203081166934
0.04044064076326367
-1.6600709233261417
-0.3324356044445106
0.22032318478251467
-1.7442957361004126
-0.1221360521427947
0.3433346760048303
-1.7768432788452448
-0.1221360521427947
0.3433346760048303
-1.7768432788452448
-0.30962826453745307
0.10641879021789512
-1.784929541552462
-0.43347329322639033
0.0661233906559975
-1.726211888696718
-0.5263993357150625
0.05780863363095964
-1.6754639872938741
-0.4379985156295916
0.11240903482340804
-1.7336999749941806
-0.514381385155223
-0.0318205553106401
-1.7250665821360338
-0.38096489903197583
0.15895165472586065
-1.7540406805165014
-0.4474320859072716
0.08247043972483692
-1.7474671470991638
-0.6272488320972665
0.08359225637653521
-1.64470718320817
-0.4565961688760292
0.09077208707617342
-1.7436458007256714
-0.5524265903785275
0.14279855036728006
-1.6784489329263799
-0.4172478037433477
0.16407518990076905
-1.7771508515330292
-0.497341181110766
0.10288646406586203
-1.7356072545073036
-0.45530961579794277
0.11148147331740597
-1.7586745513678563
-0.36102019335452074
0.08699050328359277
-1.8275529292393926
-0.47685378816009305
0.06750052715332615
-1.7559982908335723
-0.37234910045040587
0.03641948623779309
-1.8203913411977568
-0.48781042058415314
0.057169433515733156
-1.7613126136347899
-0.47528274613892396
0.040453731963305345
-1.7566316736730914
-0.27574952401583375
0.10922406710054697
-1.854388348944007
-0.26201718077304653
0.2280015320750299
-1.8614079130776529
-0.26201718077304653
0.2280015320750299
-1.8614079130776529
-0.4207241028276106
0.06231659030397487
-1.8113362818950804
-0.5251288462890622
0.014886286260971503
-1.7784853941005678
-0.6932354771254005
0.11342924883180465
-1.6138392752017758
-0.6932354771254005
0.11342924883180465
-1.6138392752017758
-0.5714756293075898
0.14476881817996287
-1.7516669810673458
-0.424851004913627
0.15494939666370722
-1.8286608597994822
-0.4553158332355037
0.11187420559968848
-1.8149534923789505
-0.5164623463793873
0.089301523794329
-1.8002092867851978
-0.5141454166908718
0.09349807904099079
-1.799701357524856
-0.5806730477791676
0.09942739504924628
-1.7607117558456673
-0.5363246799426922
-0.09944582446211259
-1.7827199321281624
-0.5066026670028708
0.08534198341084429
-1.8140921523833173
-0.4447497570102502
0.005299916845183113
-1.8631952915486647
-0.47622302162873775
-0.07867956490940016
-1.8843847852514832
-0.38075772478402886
0.13613111134768965
-1.9062620073955538
-0.38075772478402886
0.13613111134768965
-1.9062620073955538
-0.40867853270994664
0.0319906553900294
-1.8917734190760458
-0.49898810311559866
0.02261049781890747
-1.8589987629194973
-0.4253893745771912
0.025774628259163785
-1.8980341202840079
-0.5574341302720415
0.02553526289559893
-1.8212379471719689
-0.4433487258563425
0.039453929436286596
-1.9029099676326653
-0.4410492392481177
-0.04163194104807903
-1.9033530900271178
-0.6101085822319025
-0.10184104392052845
-1.8523471830029943
-0.5068262502740084
0.09485596846395872
-1.8709307853929944
-0.5098992375448996
0.032377756566104754
-1.8836150173212123
-0.5190467488787259
0.07995359546859727
-1.87740709302616
-0.46181268543741283
0.10746165314749079
-1.9190659293566121
-0.6451052521868481
-0.016396342383819887
-1.7962915451216859
-0.590865396184531
0.044041389252500195
-1.8606452468006955
-0.4002688366279386
0.03502063632432799
-1.9551925574981661
-0.4801338492037688
0.05651232013455493
-1.9316550034161704
-0.5808470938515864
0.022665118948741295
-1.9421732837044043
-0.5776678813757958
0.08597826513951347
-1.877028054702189
-0.6045970323002674
0.07008754146853553
-1.8758463869961504
-0.6045970323002674
0.07008754146853553
-1.8758463869961504
-0.5115934743677604
-0.05607789485479823
-1.9430437218406849
-0.7653750782021027
-0.024551862986437085
-1.7435030021683788
-0.7653750782021027
-0.024551862986437085
-1.7435030021683788
-0.5394872826132613
0.05579568647345406
-1.9474427298986936
-0.4397549920384537
0.12546582181441787
-1.9978307051393673
-0.3848963350013553
0.3630985907824324
-1.9953056397171096
-0.36479172353690525
0.15046779448925482
-2.016628941064517
-0.36479172353690525
0.15046779448925482
-2.016628941064517
-0.346643285627842
0.0940801951661352
-2.0303700319940945
-0.5327254833647891
0.06316518811740383
-1.9689071586548232
-0.4686546365300357
0.05852944070320919
-2.0194685613468075
-0.410462604442523
0.03283446307001322
-2.0318816547265923
-0.28558044340306243
0.1700451983065082
-2.072926432504061
-0.32973593903440335
0.15722237333968836
-2.087911096116816
-0.5586961539413927
0.14266142342369945
-1.986162775319608
-0.6364908332470178
0.019228975103399673
-1.923812311681407
-0.44125205916003374
0.11908229311795086
-2.050887369649122
-0.44125205916003374
0.11908229311795086
-2.050887369649122
-0.5094812882066646
0.011877110277336508
-2.017734696602333
-0.5764455342292681
0.019383920511778004
-1.9891760893954646
-0.45022894512009765
-0.05310697720902872
-2.0428618624577712
-0.2932818502659069
-0.21059323904422653
-2.1032262900564347
-0.4589057818665921
0.06236320460204264
-2.066686586177048
-0.6521017359669903
0.0278796972408531
-1.9886780999912697
-0.5690107453126998
0.04270389254782903
-2.0346945948117736
-0.43571359853008296
0.07180334413487509
-2.083617070516969
-0.47122508295492016
-0.20510881033722117
-2.066961091223762
-0.5065167417812697
0.01549004643746255
-2.1086410043068913
-0.5111536388831887
0.07779407516448537
-2.075658444979978
-0.45669747939068916
0.0524549515907941
-2.0912278505245387
-0.31540867070266776
0.09916437452196993
-2.155396714782058
-0.49198060133232646
0.17286920635127578
-2.079690368890374
-0.6842308740764667
-0.02368689534889561
-1.9754879516320296
-0.43152440853369306
-0.045352575576484006
-2.1373567217629525
-0.6352908241149837
0.056754594769555015
-2.029749685238844
-0.4349095731546977
-0.08218340734178298
-2.1376987919964163
-0.417133087981106
0.14303312069052043
-2.142865196477081
-0.6252137713829556
0.17829532292028663
-2.086909748175905
-0.45588623721873917
0.05579640163207345
-2.143258432779917
-0.6265448145639704
0.034089852801449674
-2.045226447421117
-0.451410484546514
-0.02797490864784476
-2.1444808156392896
-0.5593941281049616
-0.10398088700251784
-2.154535036174218
-0.5593941281049616
-0.10398088700251784
-2.154535036174218
-0.5593941281049616
-0.10398088700251784
-2.154535036174218
-0.4844407299477295
0.16999124169030205
-2.1515682890089827
-0.36333493120741694
0.2370640148361331
-2.1777310418406532
-0.36333493120741694
0.2370640148361331
-2.1777310418406532
-0.6029419028428379
0.08094536148487175
-2.104518813461499
-0.3663949166451185
0.2442546319247195
-2.2052110451093854
-0.3663949166451185
0.2442546319247195
-2.2052110451093854
-0.3663949166451185
0.2442546319247195
-2.2052110451093854
-0.4273078861076937
0.08144178218433452
-2.2175660401829393
-0.4273078861076937
0.08144178218433452
-2.2175660401829393
-0.42075472758108545
0.026048377388636874
-2.2201931890914968
-0.27222563177213943
0.13389579129143203
-2.2649148716669885
-0.27222563177213943
0.13389579129143203
-2.2649148716669885
-0.48577053698420386
-0.010561657216841413
-2.2377155454801847
-0.4961850614271747
0.20143091065169969
-2.2105942575361652
-0.5316974261917524
0.11115499872604433
-2.2152201112579433
-0.8659241230632391
0.012002535738500355
-2.0503933505688523
-0.7045365497418055
-0.005593627893990838
-2.1892780218759555
-0.41709850161448053
0.07120134821085447
-2.2460412340006544
-0.41709850161448053
0.07120134821085447
-2.2460412340006544
-0.3538157598585127
0.1915031749901118
-2.2702564609588687
-0.5640928300808746
0.05047898355507156
-2.207675697904352
-0.5640928300808746
0.05047898355507156
-2.207675697904352
-0.5640928300808746
0.05047898355507156
-2.207675697904352
-0.6047490592022
0.0900290311730017
-2.2093410077396025
-0.4434193063057355
-0.15190904640033767
-2.3011665360771683
-0.6300676588589077
0.1307691641292656
-2.297135143981091
-0.6300676588589077
0.1307691641292656
-2.297135143981091
-0.46889529163655086
0.20663377675807337
-2.288938748034226
-0.5880973209789415
0.16928319652485616
-2.2498731399060072
-0.5330345185080481
0.05169539551290938
-2.2783088969538174
-0.7199954545784336
0.2417385558149772
-2.165685823485753
-0.5964114638439929
0.0009631451691540934
-2.2943191947763864
-0.4652954971410097
-0.043623587174263345
-2.3244144306384373
-0.44603131172032173
0.2251898410633728
-2.340215933500868
-0.7443400672083179
0.04180096888343205
-2.183247756076718
-0.608023913827655
0.27446256712297046
-2.2405907616729706
-0.429625070436439
0.29588714425542834
-2.337386755597707
-0.33547482751854213
0.27119728660851217
-2.391152977650442
-0.33547482751854213
0.27119728660851217
-2.391152977650442
-0.6492506007286759
0.17337287764674345
-2.290322272733061
-0.8879981579795811
-0.07029907903435671
-2.1393302693120724
-0.6217811370840295
-0.14999695163002785
-2.2873889383793937
-0.47740425428716465
-0.0223566595866943
-2.36506359594289
-0.7119980694929299
0.1344602107568647
-2.246589504233765
-0.8419064104650885
0.03727108189102645
-2.311689876476356
-0.7036771984891645
0.08131335293633282
-2.269225365676372
-0.43856622902780346
0.1718482876978888
-2.423303004633872
-0.5632940923954979
0.1561540101029964
-2.3652854345589835
-0.343502278520058
0.044901039345112116
-2.4362269646732644
-0.343502278520058
0.044901039345112116
-2.4362269646732644
-0.31745943753540107
0.20084589452039325
-2.472081590913932
-0.4256619412084334
-0.0586920010462309
-2.458105100053849
-0.37503657413640334
0.10268619050274852
-2.4419282146536867
-0.37476423186486685
0.03602446764351413
-2.481480606500633
-0.5895514092585796
0.08372281520328075
-2.3844676482707388
-0.5338556293307515
0.0313852665643704
-2.416410570945835
-0.8344884993535738
-0.00018277789095673823
-2.256976733720291
-0.8344884993535738
-0.00018277789095673823
-2.256976733720291
-1.0119555902557744
0.043031639247020435
-2.0426110869926455
-1.0119555902557744
0.043031639247020435
-2.0426110869926455
-1.0977607776470895
-0.049628776252105385
-1.9730317485390898
-1.0977607776470895
-0.049628776252105385
-1.9730317485390898
-1.0977607776470895
-0.049628776252105385
-1.9730317485390898
-0.8667562362532045
0.1722417731799923
-2.2641253813253703
-0.8667562362532045
0.1722417731799923
-2.2641253813253703
-0.6224688308183932
0.2331018911222952
-2.423981397736997
-0.7489965729355281
0.08718526897010795
-2.441159512107448
-0.5397114579745431
0.034707158727972226
-2.4592280979435093
-0.40615539805398226
0.22676600264020724
-2.5209631346141994
-0.4989660458200796
0.030373559576384504
-2.5109552040455005
-0.520708486630456
0.013289644823820395
-2.4855438967092174
-0.4927123489791063
0.11081743951165134
-2.5410651554503056
-0.44080210762912125
0.20251108708900148
-2.535148805800857
-0.30673161306682506
0.4083044349671695
-2.5460794709603762
-0.07782800164203926
0.5514294044997866
-2.5511962322607302
-0.1750556255636526
0.4845960195451648
-2.554890724474906
-0.1750556255636526
0.4845960195451648
-2.554890724474906
-0.1750556255636526
0.4845960195451648
-2.554890724474906
-0.1750556255636526
0.4845960195451648
-2.554890724474906
-0.1750556255636526
0.4845960195451648
-2.554890724474906
-0.1750556255636526
0.4845960195451648
-2.554890724474906
-0.6081610221005421
0.10465233116382368
-2.535781227315714
-0.19932202159291734
0.03561583641009729
-2.623749040074069
-0.3813997236037979
0.2225932104586128
-2.597721189789113
-0.3813997236037979
0.2225932104586128
-2.597721189789113
-0.5321570879642962
0.02145992982972939
-2.531400676998049
-0.5986977918234898
0.10196567276239521
-2.5356767432709453
-0.6752122993242315
0.022538450732513954
-2.498699017069384
-0.6752122993242315
0.022538450732513954
-2.498699017069384
-0.6038843364161374
0.111385529118524
-2.5740344125614563
-0.6233043826175768
0.337992049644607
-2.5456536939890255
-0.5019833281577315
-0.07906375110442787
-2.638732442983001
-0.6883765342654449
-0.0024729179601626853
-2.5719028418340373
-0.3228841716022871
0.013598082509559604
-2.6778210425478104
-0.7203872938131516
-0.07992974013370426
-2.5022842251913153
-0.6853965954015876
-0.1356464970904956
-2.5239043221908153
-0.7457926103647182
-0.05952024680767264
-2.5779408229545795
-0.8574103986137774
0.06493946370590223
-2.5011546378761436
-0.8574103986137774
0.06493946370590223
-2.5011546378761436
-0.4309370512014322
0.18748022544875856
-2.6516161069926856
-0.4309370512014322
0.18748022544875856
-2.6516161069926856
-0.3944300168412566
0.14870154709871075
-2.6851469137268578
-0.3944300168412566
0.14870154709871075
-2.6851469137268578
-0.46777312963632256
0.1751497668588973
-2.665737416107662
-0.7803177927488516
0.02310973177274693
-2.523140065034646
-0.7803177927488516
0.02310973177274693
-2.523140065034646
-0.7803177927488516
0.02310973177274693
-2.523140065034646
-0.3379569181689378
0.36397065941727624
-2.693677504274958
-0.5126959866190672
0.23338167917928726
-2.651195634218849
-0.3387303789931646
0.28431650530676206
-2.707726935450916
-0.5786858968703514
-0.100365097879886
-2.653230084889657
-0.5786858968703514
-0.100365097879886
-2.653230084889657
-0.5786858968703514
-0.100365097879886
-2.653230084889657
-0.5786858968703514
-0.100365097879886
-2.653230084889657
-0.5045696534880937
0.1740083654403686
-2.7004378977944365
-0.5045696534880937
0.1740083654403686
-2.7004378977944365
-0.5735015081895212
0.08758169276138762
-2.6965937796423827
-0.5471480771559991
-0.24058898741338325
-2.7031393915424453
-0.2725885367722251
-0.3842722144212431
-2.729542353454413
-0.2725885367722251
-0.3842722144212431
-2.729542353454413
-0.2725885367722251
-0.3842722144212431
-2.729542353454413
-0.4978306378044069
-0.01983260753450207
-2.7319782544596483
-0.3465648184928196
0.15049950199017373
-2.771718197800452
-0.5986855049070656
0.2801335462142156
-2.688860582426792
-0.5986855049070656
0.2801335462142156
-2.688860582426792
-0.6582651110096925
-0.04717792081157074
-2.7215271080664807
-0.6582651110096925
-0.04717792081157074
-2.7215271080664807
-0.5778364886952371
-0.13272991571528373
-2.7329763778834963
-0.5675020579326213
0.07072743503827489
-2.740266104569397
-0.5675020579326213
0.07072743503827489
-2.740266104569397
-0.4945997533529691
-0.04830424460465993
-2.774190778880089
-0.5784183194734585
0.06673041376245134
-2.785159489490667
-0.5784183194734585
0.06673041376245134
-2.785159489490667
-0.766220877190079
0.19932891459859772
-2.6778065263003215
-0.4874637463702742
0.2341312314847861
-2.783352770369077
-0.5695453477146671
0.07030684880899495
-2.785253716487502
-0.5695453477146671
0.07030684880899495
-2.785253716487502
-0.5695453477146671
0.07030684880899495
-2.785253716487502
-0.4990200821441405
0.1847821499359663
-2.83515374369307
-0.5857760257054103
-0.15470748202519707
-2.7746963156633675
-0.5857760257054103
-0.15470748202519707
-2.7746963156633675
-0.5857760257054103
-0.15470748202519707
-2.7746963156633675
-0.5779320805944932
0.04509430168681643
-2.8317540016310274
-0.6764969149403711
0.1577025491343312
-2.7534977389650273
-0.551348453147243
0.15786477019092848
-2.8211807240124926
-0.5689084921131267
-0.3058874867799327
-2.8237188204773953
-0.5689084921131267
-0.3058874867799327
-2.8237188204773953
-0.6094652912115541
0.07889406436147453
-2.8457059037515102
-0.24410712724936015
-0.2542844697931614
-2.9268890112553576
-0.6902793483359717
0.1542564050454971
-2.7994251310448592
-0.6902793483359717
0.1542564050454971
-2.7994251310448592
-0.6795397616016761
-0.07336098860057236
-2.808636495705394
-0.49505618022157155
0.15198638732528638
-2.8881530915073985
-0.6123781286450735
0.277341463838186
-2.8274508127427516
-0.4944223742979841
0.22354937797271868
-2.8815535467537248
-0.31092344426861906
0.06798118275930667
-2.920490912971658
0.1919924609567456
-0.4107341770062599
-2.9313606381181154
0.1919924609567456
-0.4107341770062599
-2.9313606381181154
-0.03386601980017707
0.08394417130225831
-3.0314631680406015
-0.03386601980017707
0.08394417130225831
-3.0314631680406015
-0.03386601980017707
0.08394417130225831
-3.0314631680406015
-0.03386601980017707
0.08394417130225831
-3.0314631680406015
-0.03386601980017707
0.08394417130225831
-3.0314631680406015
-0.3190436723301077
0.09287312802908296
-3.022774125780639
-0.3190436723301077
0.09287312802908296
-3.022774125780639
-0.3190436723301077
0.09287312802908296
-3.022774125780639
-0.5252474660063753
-0.10002997867489179
-2.9637972246456177
-0.9090074293003472
-0.23609960033255253
-2.802499669816683
-0.9090074293003472
-0.23609960033255253
-2.802499669816683
-0.9090074293003472
-0.23609960033255253
-2.802499669816683
-0.9090074293003472
-0.23609960033255253
-2.802499669816683
-0.9709209615395233
-0.16071358865058685
-2.851915036992663
-0.9709209615395233
-0.16071358865058685
-2.851915036992663
-0.5277992948325574
-0.1232534806924738
-3.0140378071388407
-0.606980642261854
0.041966388396953866
-2.9807513000754735
-0.6100545020755744
0.05311303410728777
-2.980671152074961
-0.7389443415429342
0.12350268358740117
-2.9476119333177597
-0.4865251900505729
-0.039590325517792624
-3.058832646456169
-0.5268277386727315
0.2600020386751057
-3.0323367027464947
-0.008530522278367852
-0.07768153019207656
-3.223295095855804
-0.008530522278367852
-0.07768153019207656
-3.223295095855804
-0.008530522278367852
-0.07768153019207656
-3.223295095855804
-0.5120578899833408
0.18244939489732181
-3.040504676166155
-0.7441901785039106
-0.05150935110495331
-2.973419622881748
