-1.1458131129855773
0.06705927381980917
-1.6851611675853129
-1.1458131129855773
0.06705927381980917
-1.6851611675853129
-1.1458131129855773
0.06705927381980917
-1.6851611675853129
-1.1702637161799418
0.08439904162691073
-1.6414501863275144
-1.1458131129855773
0.06705927381980917
-1.6851611675853129
-1.1970762588567583
0.05112074458983526
-1.6022526847769056
-1.1646582613884968
0.12536968911110682
-1.653214716426539
-1.2773111079186106
0.0730304293570244
-1.6118339312666177
-1.1246797127656847
0.08963238161988035
-1.7635417991126632
-1.1177366992372297
0.07666282922830277
-1.742192068295467
-1.1500448591277674
0.10328349641447948
-1.6769505699638427
-1.1660930239201583
0.07234863115351746
-1.6739497961237704
-1.1306736914436402
0.10468900744745849
-1.691340694416062
-1.158701823683409
0.12711580242240791
-1.6644953468915247
-1.0515206135939288
0.07255274579326709
-1.8376749743641019
-1.1536404408268037
0.09926153742158274
-1.5917005357706009
-1.061384622172539
-0.0037593874615169834
-1.8350762958502238
-1.111911057869512
0.07744450786693519
-1.7433416957199888
-1.08281824106386
0.14327340382779916
-1.80272304772935
-1.1000330302801937
0.09064625791660594
-1.7349364982903375
-1.0953153301482008
0.04831287903185133
-1.7372683515755176
-1.078922800530054
0.008470273460426034
-1.8295780795535077
-1.0808377531382434
0.1328182627888077
-1.7893272687912019
-1.1488268173169518
0.07022131780886967
-1.7273092431679977
-1.0551068083098754
0.06848769421999133
-1.8464294701081883
-1.1263710951244728
0.055723125583424474
-1.710731393062611
-1.0170730165632837
0.0757370691375339
-1.8907770468449692
-1.0105117226358085
0.08171346107092943
-1.8963151664422377
-1.0920112619128348
0.06647510030416107
-1.7842014275684266
-1.0569567773350579
0.09189873865431371
-1.8533448361130676
-1.0636900183335267
0.09879263304984982
-1.8452662575529954
-1.035183210578751
0.0742628285768004
-1.8778615413703206
-1.057219871734429
0.11232048117519884
-1.8304753214459915
-1.010441854394628
0.08043824905661981
-1.926311884042182
-1.03444596099857
0.1264924724124857
-1.86586252904383
-1.060169929745657
0.11756882377601963
-1.8498696046010603
-1.0267209459168298
0.09031121439583968
-1.8979660804281067
-1.0371133291239074
0.06421637234499127
-1.8819306419105053
-1.0225847437934317
0.08813832971420554
-1.899236116546221
-1.0380827581154541
0.11030396263185634
-1.8873323305470224
-1.0785062613646754
0.07899695433892426
-1.8400244348728665
-1.0188325943890193
0.03481549713998056
-1.928667959616956
-1.0190685097040586
0.0805553229457298
-1.9252366493026647
-1.0853072521973797
0.06453175231269541
-1.8186411201961525
-1.0527186414816445
0.052993124968675406
-1.8922317269874993
-0.9936937765657968
0.0634706245300037
-1.9790781787472518
-1.0096251280679376
0.1338922142781769
-1.961123036345612
-0.9864111623376328
0.07390915847577784
-1.959086294400255
-0.9525735106976609
0.0314444516366706
-2.021779021924754
-1.0464158675435968
0.008005340662526537
-1.9201814131907673
-1.0596180722088202
0.046754643009620636
-1.9401829082142357
-1.0801624099670126
0.016048470752842145
-2.003662788260333
-1.1624226369699577
0.07041538558775783
-1.8590566165269848
-1.0556557504695332
0.04143265259988377
-1.880686699053403
-1.0567732843781512
0.13693628720172593
-1.94127665367174
-0.9809419134050662
0.11921004231124782
-1.9947370507014557
-0.9337964241124044
0.08264503903243786
-2.0488955134766695
-0.9719380668290674
0.06771497027429926
-2.0027315495196656
-0.878540284135265
0.12557307877938556
-2.1406184753634125
-1.102156143493414
0.05660490000930052
-1.8735427998871745
-1.0373921963298298
0.053504222420036995
-1.9382370864571183
-1.0143791899537395
0.0686595463165767
-1.9919618315812477
-1.051070346777616
0.03290997120972471
-1.9302252249690484
-0.9311762924731816
0.07569228071677048
-2.1039864257486625
-0.9636818724299642
0.12403595033782416
-2.0395983589805793
-0.9631311153754298
0.06471804504865167
-2.0572214519756327
-0.9877266044538503
0.0862545627900252
-2.043253905168863
-1.0012348004448075
0.05807079686558456
-2.005437098104789
-0.9890287593091831
0.04154911457362559
-2.042309553307105
-1.0169103108851174
0.133417118710626
-1.9909112229869836
-0.989032639916291
0.09568384111940458
-2.0695535979159976
-0.983710847797228
0.09125840984109149
-2.055078211541779
-1.0201300146972165
0.09738792409165108
-1.9769836930009033
-1.0134305553145198
0.1004051469895915
-2.0553744116673816
-0.9031058077709733
0.013099709693937794
-2.145416582271473
-0.9439947610707117
0.06344907857048807
-2.1037889049253673
-0.963044243406405
0.02633702306487189
-2.0783779538523666
-1.0251919161732754
0.02580319984768132
-2.0631937723646008
-1.0005726079747979
0.003658984566778897
-2.0762711293927327
-1.13705634644575
0.06520242354506664
-1.954885871494454
-0.8799418923010205
0.02751714199092719
-2.2199224379609785
-0.9121272577474387
0.13653680907754015
-2.1790660710227123
-0.9482644048906975
0.06527726651627311
-2.1420594976264575
-0.9844328705763715
0.09705943640978647
-2.136744670680006
-0.9198649264978668
0.08613524933348053
-2.1806194267903307
-1.059953405374163
0.08669793429235513
-2.0678118102731853
-0.9363687966923199
0.05210399628126329
-2.1607959682105013
-0.9418070100070323
-0.10590073475317233
-2.217550331152715
-0.9953982497728312
0.056875868505174954
-2.117905901260644
-0.9581892401213448
0.04966934530692469
-2.1811289598279147
-0.9581892401213448
0.04966934530692469
-2.1811289598279147
-1.011464064296244
0.07373403289662933
-2.120941137499235
-0.9355910257477273
0.11159870533850302
-2.1830890935580265
-1.0819883596483226
-0.05512877813448208
-2.0678748824963633
-1.02175119135059
-0.009130588446546304
-2.0859339199977103
-0.9918595836541765
-0.05507123069391431
-2.214729969999714
-0.9415151467721395
0.048146740536975735
-2.2006775592599532
-1.010547410007155
0.056489510909772014
-2.1842032031650143
-0.9621478477172779
0.021096761765187655
-2.1895958783286056
-1.0297578129766667
-0.006816282056500003
-2.128615940974309
-1.0708464996044442
0.05352489062988595
-2.1735550666387278
-0.9265107938748831
0.10340364334735795
-2.2683161244833703
-1.1247968283797551
0.1050986755280176
-2.1402217687147647
-0.8374723427071179
0.11815174626382136
-2.3156714619097034
-1.1055972567429646
0.015073653668364884
-2.0831457102719417
-1.1055972567429646
0.015073653668364884
-2.0831457102719417
-0.9461183418735837
0.07420188691287166
-2.2405349766862557
-0.7543420086919616
0.1493122818484123
-2.394167025216095
-1.0699241078874138
0.12361223616426768
-2.124912129360811
-0.8300244617336542
0.11059064324041736
-2.348574661426275
-1.089635158516717
-0.03713443520648729
-2.1890177204206416
-1.089635158516717
-0.03713443520648729
-2.1890177204206416
-0.9389656812301368
0.04661887418951898
-2.290192335600417
-0.9567882071971507
0.0010579758709014192
-2.247425166421385
-0.9611932808218844
0.009393415226968663
-2.266187628367389
-0.9611932808218844
0.009393415226968663
-2.266187628367389
-0.8926837209136473
-0.02550259353943384
-2.3767564586306973
-0.8580251028203182
-0.03367542580724533
-2.3842732461895615
-0.978946700682009
-0.1372262810123641
-2.2958243075337705
-0.978946700682009
-0.1372262810123641
-2.2958243075337705
-0.9887166713359296
0.17512216169217243
-2.301433980542824
-0.9634556564970541
0.0817407870089792
-2.303109542229346
-1.0331289280174307
-0.057848047713292466
-2.294194533869828
-0.9628616015023183
0.01706417113772366
-2.3082392186547622
-1.0485207462794897
-0.14269374097640217
-2.3052630299202694
-1.0485207462794897
-0.14269374097640217
-2.3052630299202694
-1.044870780092211
-0.0899602253940961
-2.2466196438241237
-1.0409243632538907
0.012525042687176484
-2.3078112364494276
-1.0409243632538907
0.012525042687176484
-2.3078112364494276
-1.0104520899440084
0.02845527099352124
-2.3138141198388755
-1.1102639078631291
-0.06909182963894972
-2.226698271690722
-0.9278189779787922
-0.02690475566021982
-2.3855078968684746
-1.049948598531503
-0.033376668487308955
-2.26082536518819
-1.143810131869199
0.0842766224694964
-2.2123082050973246
-1.143810131869199
0.0842766224694964
-2.2123082050973246
-0.9505470614172593
-0.11627667893617309
-2.423098900212945
-0.9989685179711293
-0.025322874106574883
-2.352974812594704
-0.9770730623427597
-0.06999229482873277
-2.420571067259389
-1.1729119759528572
-0.007366771431152768
-2.3498287243352545
-0.8839897249088868
0.04654503931628173
-2.5234480961136727
-1.0802731352060175
0.03108076878391614
-2.4556629915364043
-1.0766171230648443
0.13987814434137383
-2.330148782249632
-1.0061419302579573
-0.09772919673568581
-2.3970987432486273
-1.0673079922926032
0.233846251620816
-2.335367031676738
-1.0769949592422299
0.12116760948678323
-2.3414062514682965
-0.927993995364675
0.06595275886534488
-2.448749905424054
-1.1240047450115365
0.05397131283859033
-2.4483135749962583
-0.9434186216383594
0.15191198466965192
-2.4710120011673316
-0.9408144721714958
0.15330942121784177
-2.4930356888426823
-0.902116917434731
0.12063080256851957
-2.507492674731444
-0.9861292227748867
0.021762704232021292
-2.4802054284349713
-0.9804575433995142
0.11286778592199216
-2.4611036847506775
-0.8849008463453243
0.10118175539850802
-2.5180151841702285
-0.9301564439938796
0.058338962976805304
-2.5050985282125002
-0.9894677836673121
0.005312983084787382
-2.4801448158225754
-0.9429147635243931
0.06099813655794061
-2.518063661304186
-0.8065134540127028
0.23924995544409977
-2.602322384564328
-0.8968026504171793
0.09142398957034611
-2.5918789873666284
-0.9346989427914527
0.04870044722909084
-2.540181217911716
-0.8433137680686209
-0.05223483483962616
-2.590514089165525
-1.1109746336419872
0.12133155647773629
-2.408117442956042
-0.9552896733846808
-0.11832027192664789
-2.5666370771720426
-0.8376631397889409
0.022161203790362675
-2.6542986813471097
-0.7676745784455249
0.03220223507389373
-2.708877696349764
-0.9972417352326307
-0.004297396564893299
-2.5473410782519985
-1.0364765066440211
0.12551534264190092
-2.484124479101588
-0.8991136476738554
0.09149693327125923
-2.60340319029018
-0.9474088794788228
0.041524913804458045
-2.588621637959211
-0.897436211074369
0.08904887821053797
-2.6032109492911553
-1.0345185126294316
0.12724162235368078
-2.5273251325558594
-0.8559223072059663
0.1545189208082372
-2.6524857302852554
-0.8634121151709001
0.16337673258654115
-2.6262576279859737
-1.0264618917897796
0.031351755611416024
-2.513240536308388
-0.71642654610739
0.05980012372026718
-2.7461752975347746
-0.9465706938020861
0.14048186160587822
-2.600221704854903
-0.9894156319817086
0.07242690045664606
-2.541386207246494
-0.991505728167596
-0.02308752783243953
-2.56885580496306
-1.1145131780431037
0.1891000324810563
-2.5509272372593608
-0.898770398015853
0.10650487161923122
-2.6396808250217547
-1.0775255306903193
-0.04549547895591629
-2.5291342348403565
-0.9521616073414337
0.03604320862277891
-2.625552333003719
-0.9745941398024025
0.14753064492077325
-2.6540147765352846
-0.9108562682573067
0.0915181295589125
-2.6809094416020827
-1.0063505056580835
0.07635527582169321
-2.6027198180185502
-1.0063505056580835
0.07635527582169321
-2.6027198180185502
-0.9411585691726599
0.01605060128131026
-2.6481493646978977
-0.887667376278782
-0.02575029088616021
-2.6699344436306744
-0.9197464906632781
-0.02426631101264627
-2.700837061127895
-0.9997261613740069
0.08093773434116622
-2.6006147165116444
-0.9577001155987276
0.06455229961792192
-2.6632186712068333
-0.7983201960107513
-0.01809988200511055
-2.7846225009423367
-0.8479172176262698
0.05180310202138928
-2.7459595988903764
-0.8050034245114337
0.15296409420571747
-2.7728942252064397
-1.1022254566880896
0.1937537247319221
-2.5465363306362243
-0.9677870594189506
0.05195632698448313
-2.7036245099021574
-1.0257199579328011
-0.12386061424295432
-2.651025584268555
-1.0600863258745543
0.037773124373695934
-2.622500452320124
-0.8518788287080271
0.054298154102770065
-2.7883568992548238
-1.026999242545307
-0.12943667128578557
-2.6489737857665285
-1.023027346971924
-0.02504025815409647
-2.6579754127320583
-0.9659218614887983
0.04197540148195866
-2.7033222356040403
-0.9808284965428393
0.047867106770718856
-2.7187020898179752
-0.7785940537742001
0.1591364404976068
-2.828386305065133
-1.1773874054350209
0.1261505897883949
-2.611373209793868
-0.7890942046201264
0.10852157039104274
-2.848026506629642
-1.1297476505381288
-0.12030957102343467
-2.6577870809613238
-1.1297476505381288
-0.12030957102343467
-2.6577870809613238
-0.9199900287883483
0.09982460071709347
-2.7613236923393223
-0.9358816937122365
0.127854737938178
-2.7762341845379983
-1.0325955126555473
-0.02015194805616725
-2.7504422281181444
-0.9869922764725639
0.048451058826689965
-2.7876091774996965
-1.2060516056818638
-0.06183348446272686
-2.6731002468467224
-0.8563225194519006
-0.08983384256218552
-2.828824456089875
-0.931436540156401
0.1253400979141636
-2.7751135094438704
-0.8796875158717786
-0.0956013200187994
-2.816795827420521
-0.8796875158717786
-0.0956013200187994
-2.816795827420521
-0.9246778897315302
0.1098602970694148
-2.802761501249865
-1.2284653836402393
-0.015378343613806184
-2.63541936147132
-1.2284653836402393
-0.015378343613806184
-2.63541936147132
-1.2284653836402393
-0.015378343613806184
-2.63541936147132
-0.8554484583773326
0.05971746182652254
-2.8759407143166387
-0.9820549133665031
-0.07509569520057656
-2.7840101342510235
-0.9321347060373505
0.3490371573418925
-2.805849239407267
-1.1259308742768381
0.19372039714774272
-2.706844193609096
-0.8776174407509691
-0.12069944506825253
-2.8891863768414283
-1.1572363134138755
-0.09262243013245093
-2.819068036659174
-1.1572363134138755
-0.09262243013245093
-2.819068036659174
-0.9939196097570199
0.04786040388855465
-2.830499439522046
-1.0571537154128998
0.09590173856987035
-2.8022296325674163
-1.0683941235053511
0.2172867292587436
-2.754971793847605
-1.00698979014092
0.04183902101816889
-2.876578486806116
-0.8739038516649289
0.23704369348788137
-2.929477369247279
-0.9207385442161796
0.12098163967949978
-2.8748962332909413
-0.6014850038532672
0.16320652377306136
-3.029654461820761
-0.6014850038532672
0.16320652377306136
-3.029654461820761
-1.0479516840424596
-0.05405730976742713
-2.803610605216819
-1.0479516840424596
-0.05405730976742713
-2.803610605216819
-0.5912298793379804
0.1647875026536597
-3.0816400238207717
-0.9245087654002052
-0.07191863661520555
-2.9278608026884108
-0.9644140006720068
-0.030874402048066577
-2.9670069251436777
-0.9244563927891963
-0.047806679724999655
-2.9280084879335693
-0.9244563927891963
-0.047806679724999655
-2.9280084879335693
-1.0141395237311652
0.1692770278770879
-2.8606041769717003
-1.1841733002691575
-0.08407878490139732
-2.8787043466073174
-0.7926902923779495
0.12643403753296054
-3.0389647519906373
-0.7926902923779495
0.12643403753296054
-3.0389647519906373
-0.785903875873429
0.11552242858085128
-3.0386476556214927
-0.8699620573006517
0.024505537201381235
-3.0219019981825337
-0.9424424389401238
0.1276709515827395
-2.938663083439821
