-1.1338561851616045
0.12297837319078508
-1.6682977296502501
-1.1338561851616045
0.12297837319078508
-1.6682977296502501
-1.125807076856316
0.14417161153559802
-1.683688674426065
-1.15951873595772
0.05995078629684816
-1.6849294819959764
-1.1565549449825765
0.026925609576027503
-1.6753893511214515
-1.1990113857571867
0.062347441573960535
-1.5342705224992477
-1.1844744669574538
0.06636197167857422
-1.6157625895602428
-1.185096970835536
0.08218004337509055
-1.613178658986802
-1.1820701529831088
0.07975280734957377
-1.5873276668701553
-1.1373794174182403
0.0797167821605229
-1.6404729106491294
-1.1365070637553258
0.10953066705193981
-1.674977705067181
-1.1665811364670162
0.030430403640839945
-1.6433926657308022
-1.147797073419036
0.0542531992451635
-1.6583476559213661
-1.1367896689596884
0.10018040037949004
-1.6713564006350754
-1.1353705053464944
0.08152198235074956
-1.7094589673368559
-1.1502117324410932
0.05817288401986682
-1.663029218601117
-1.1508180376939312
0.07383574292946901
-1.6485093247676899
-1.138397351302713
0.07705715133160698
-1.6537821287056196
-1.1433350309123562
0.07036707606339698
-1.6736773478898272
-1.1559970882315838
0.0699077323338885
-1.6123078832110538
-1.1539638848699092
0.04855682826879533
-1.6132274935698778
-1.103166708165349
0.11018821313649187
-1.7546124462175496
-1.1033584879461673
0.06530888918898874
-1.7462372659566894
-1.115789261027751
0.04114288671223809
-1.7226613027230009
-1.118152638462334
0.041360560068603294
-1.730941919912814
-1.0838901437542243
0.1067622688455366
-1.7179305533822196
-1.116369706294698
0.09199040144055712
-1.710988466169287
-1.0581993900071671
0.02360345167576375
-1.8530491613007112
-1.1200406333912722
0.10037026018769428
-1.7044133585017158
-1.0398643448336315
0.11228164524783246
-1.8547835744441756
-1.0615183475783438
0.11033833187741098
-1.8263426925566202
-1.0932450998818979
0.09309425213252912
-1.757206840447128
-1.0103499579555568
0.10581546445472217
-1.9082756708847444
-1.0923651451092362
0.10503021695095656
-1.7671672536366416
-1.0315058407921576
0.0693359514323405
-1.8576146135020855
-1.088005435563887
0.0830384636945049
-1.7698953603385565
-1.0809806787798817
0.03560917973128822
-1.8006041048137407
-1.0401813959922726
0.057748005909462136
-1.8626227394466632
-1.0694977452008405
0.08774602407888409
-1.830812633492512
-1.082604986537489
0.05202528977174554
-1.808387498951288
-1.0498588462647853
0.040374531427145074
-1.8373450599385623
-0.9886976041632718
0.10238817704962817
-1.9208650783237466
-1.0646368226196765
0.05219339989566342
-1.8270470382861597
-1.055085116472496
0.10171418879479707
-1.825984060371205
-1.056939595266837
0.08342703239642581
-1.8262310012616128
-1.063302221728797
0.07858917691256287
-1.8347083912111426
-1.0567850542312327
0.11398758005235876
-1.8318583917883426
-1.0197689279395241
0.06773438858333501
-1.911529604146999
-1.092684014553627
0.07686205047288973
-1.816349584086605
-1.0187129029386761
0.05550700150399392
-1.9432109814758065
-1.0233426405951946
0.027409930995686078
-1.9238151878730076
-1.0223961308190317
-0.010932518248551194
-1.9322931696884085
-1.0601005007203945
0.03416328822335729
-1.8865050770923266
-1.0140290788214525
0.06211821989421622
-1.9379711343447295
-1.088582089349938
0.04040602808253818
-1.8545257118994571
-1.0319626114056752
0.08817234831792084
-1.9116068177937906
-1.0170545512947076
0.05844090448019928
-1.96215202818048
-0.9634590535731314
0.07933562618642481
-2.027129306342935
-1.0407906110852145
0.08041309882476748
-1.9023936387576559
-1.0154863972131503
-0.013479959031002558
-1.948540842058681
-0.8764309228647355
0.17746171413371775
-2.143297625466652
-1.0318453536609542
0.12458537958921212
-1.9451348036880958
-1.044362109111671
0.0957605332837366
-1.9509876586633292
-1.060418640494192
0.06876169870051058
-1.9582318783359323
-1.1000175738284457
-0.018292556520462633
-1.8666576060426767
-1.0162911185846493
0.0041963754626513135
-2.0236258114404855
-1.0771320003954477
0.02499253429320364
-1.9089159712463042
-1.0003680885718842
0.05502566873157061
-2.0184791089627736
-1.0660260803599655
-0.04669430716561659
-1.9240364365488667
-1.1144528075334332
0.04591667354981769
-1.9275723323275387
-1.0410934872064916
0.11404078305377595
-1.9426181745457511
-0.876511783630419
0.016158090074011578
-2.1594046154662627
-0.9053144218907688
0.1761273999325466
-2.112673554957898
-1.028739142245522
-0.0052851003166954165
-2.0265150630633246
-0.9562448664408871
0.01393660957211337
-2.0936694248277328
-1.0245873389685025
0.10206443647688354
-2.0060684917602276
-1.0651038905008645
0.05280936315148624
-1.9882745308316838
-1.0191850773465292
0.043081518244120307
-2.0271837193039572
-1.0072790096726394
0.1372130933350713
-2.0540827079725976
-0.8837793311991521
0.11181324590982455
-2.1721122283110073
-0.9302866777182099
0.10331572885812751
-2.1215972758824084
-0.977707157081896
0.105356360440327
-2.082096274737527
-0.9719355931110225
0.10535871561862109
-2.082985033969407
-0.9122663245313857
0.11486694990618139
-2.140152639024611
-0.917880119408405
0.05052345617168836
-2.157392518021209
-0.8074193009708586
0.14920826818466884
-2.2548385132110744
-0.8601965432792051
0.060473969573042505
-2.2112034118872472
-0.8973652242364633
0.09473473892100208
-2.1947634828946
-1.0487977948777596
0.04958119570546232
-2.0327350859026687
-0.9734715222419921
0.00865064189126736
-2.0806799114299523
-1.0488015478315205
0.059551382286193714
-2.011237175599721
-0.8621780123254219
0.015258030274434519
-2.2211512638965685
-0.877893570039049
0.0004891266552325165
-2.241510199409549
-1.0974250168831277
0.017626880280885673
-1.9943668912700396
-0.8640718845439718
0.07007009807514186
-2.246119563087492
-0.9791769140201529
0.06715886545895429
-2.1474219041187887
-1.0812285253246543
0.07595583239388731
-2.03091145955076
-0.9990427016507758
0.08433757730061683
-2.1324265129172963
-0.821915345201886
0.1266360745724218
-2.2847466306656066
-0.9140174828871171
0.07477578840385525
-2.220222179149467
-0.919861620644931
0.14909825631318221
-2.192376334601571
-0.8959454910117316
0.11149793117352
-2.2398155692150743
-0.9759263292820413
0.059384581622463364
-2.1760703506983083
-0.8582061197553787
0.08386110712754719
-2.2692373068711564
-1.0790550231970455
0.03545215709550568
-2.0605917954615967
-1.000980654078216
0.031159896834620955
-2.1645600465323565
-0.851847104042704
0.10602658890931209
-2.2874461615865966
-1.0536070891681535
0.16116925703206236
-2.1229947336082
-0.9423967289872075
0.1186114704508333
-2.231107854929256
-0.9423967289872075
0.1186114704508333
-2.231107854929256
-1.0244146990533505
0.055780441088402695
-2.1603261042406574
-0.9026463385244946
-0.004233333003296102
-2.265047114745034
-0.9926048032744863
0.10837140249192921
-2.203859811779868
-0.9961788551443852
0.1770073136085451
-2.174823134742519
-0.9010019388655499
-0.014429630391173162
-2.3127924425156072
-0.8378996581454891
0.07857891748408893
-2.3305422511575973
-0.959342364708322
0.0036880920365512187
-2.2355794564004965
-0.92935527164408
0.11789124202601638
-2.260125006029244
-1.0039290119740134
0.17813229603578934
-2.202398736830839
-0.8342547163568992
0.1839712845178285
-2.3549858336631386
-0.9061936868826502
0.06053028137989598
-2.3210717657017987
-0.9649306492591505
-0.0027050846730443624
-2.263811547365446
-0.9344680552875295
0.10798609698357745
-2.2715754858140245
-0.7535757471540457
0.19709427407175958
-2.414808199780478
-0.7535757471540457
0.19709427407175958
-2.414808199780478
-0.8906097166092587
0.10681453122723539
-2.3540199396554384
-0.956333382126558
0.026220137289676114
-2.3120808467638994
-1.1886782935776454
0.09355994078827846
-2.0201556541285997
-0.9259923862212117
0.07803032612845809
-2.3638501208772715
-0.9682067703113043
0.08143480968076695
-2.2718691412041134
-1.050844190619433
0.06109904869585429
-2.27082898439447
-1.040125708149198
-0.06074476081698332
-2.3289071579517553
-1.0169600572425872
0.06264308673709511
-2.2482402654732416
-1.0271886051424328
-0.004475146739632397
-2.261464726959438
-0.9708541836522194
0.08601708944206267
-2.3000220941580145
-1.0102911322980148
0.1037751017669087
-2.2821214865206363
-0.9474886926825731
0.12224530878577412
-2.3412864466692658
-1.094616848061333
0.09125634131957852
-2.3182233662392613
-0.7695561005666882
0.02404761020756302
-2.5009075879403238
-1.0243461555228561
0.016184013105559426
-2.3466986402567525
-1.0472301768487262
-0.003938987389329491
-2.3204664025597936
-0.8089713553557243
-0.08439085942995453
-2.478494792359862
-0.8959731423625877
0.0791529312861617
-2.3806921660325475
-0.8959731423625877
0.0791529312861617
-2.3806921660325475
-0.8450151594400656
0.2045493929277431
-2.4974326770889905
-0.8216353511086331
0.08948804039805898
-2.4797725699131323
-0.9011168153277535
0.0813356195604384
-2.4126816660446053
-0.9672230328967762
-0.15889598862832377
-2.3776722339821332
-1.0462265529624222
-0.20404311661987823
-2.362130976412029
-0.6703082366135549
0.06580803120301618
-2.583521632622682
-0.6703082366135549
0.06580803120301618
-2.583521632622682
-0.8801577612217901
0.022862858931595297
-2.479154149671211
-0.9595562156174037
0.1230240159290484
-2.403906628027036
-0.9214447623217584
0.05314439164894768
-2.481370395339836
-0.9805401888786482
-0.02350315138043898
-2.403104832911286
-0.9093588786775364
0.07620660753845777
-2.4684664356169104
-0.8832545097619137
0.1380386709324108
-2.4692036012365834
-0.9218762777821823
0.0881601277315059
-2.4808780112021482
-0.9672717745284
0.2044461377762661
-2.4080247528009258
-0.9271116267543972
0.18670361081722736
-2.464972250149531
-1.1018836064481061
-0.05426706045037322
-2.3422565603689907
-0.8774264345404575
0.022685234743002762
-2.537003468802828
-1.0299593637328555
-0.04853664143450421
-2.37758815790983
-0.9903705945939925
-0.025382148471844227
-2.415330363822194
-0.708088837818703
0.12841355811502714
-2.648525366007754
-1.0371208026112921
0.12098382845621722
-2.4114402665499686
-0.9661691925356582
0.12198002714739362
-2.4576527957684258
-1.0057811012031406
0.07728399369049055
-2.445914405499887
-0.8342268680484185
0.09578416646699074
-2.587626602043827
-1.0414580571110303
0.022622907586329573
-2.4303387613316616
-0.9690169149883212
0.0337295173758517
-2.4778199528255618
-1.0148373629270822
0.07268937384715927
-2.4583596717266745
-1.0004780843968604
0.06914291678883318
-2.4445441171941544
-0.9756429699912552
0.11055246305274276
-2.492342314163471
-0.9367102806533086
0.07692908037093493
-2.551389647874368
-1.02759304309372
0.07057646567957783
-2.4928621992874804
-0.9322872037040956
0.07462723315310671
-2.5503903539159567
-0.8389407691968924
0.07786354001383804
-2.600413165727778
-0.977686462457194
0.03001260278155222
-2.512080710347862
-0.9766280616220189
0.02557739504615392
-2.5114445863557533
-0.9620632996597884
0.026759225105352683
-2.520544613599719
-0.9671048465381191
0.1185658317671089
-2.512609328083739
-0.8776218079793718
0.13194628372801426
-2.585024560192173
-0.8291352732282988
0.07759193288555198
-2.623884710740865
-0.8373553164972672
0.07487398839742912
-2.6637640601629204
-0.8373553164972672
0.07487398839742912
-2.6637640601629204
-0.9344270134009766
0.06393286022095195
-2.6108056792442698
-1.087907044782999
0.05333197987258708
-2.4404831108506233
-0.987186056995832
0.0034827111093044616
-2.5699877204679584
-1.063130896308852
0.013350573376418885
-2.4963450706466066
-0.9559497161527261
0.06140919458048767
-2.57736989472057
-0.8997190513417815
0.11075321177236805
-2.6388339649104595
-1.032261293594857
0.04927261202151861
-2.5254739809131657
-0.8979883433640056
0.10572246219622004
-2.6387819296490873
-1.0001636897172153
-0.0017627317787856536
-2.58299100745966
-1.0754670567383453
-0.008669766880897524
-2.507145151835385
-0.9490458460145227
0.05770721579806815
-2.6248008878479823
-0.9821150372171769
0.0012864059343348007
-2.5918537462509033
-0.9863506261178318
0.10608745200108743
-2.585441184328974
-1.0506650565342162
0.05135806867166328
-2.5859530813005227
-0.856868191821922
0.20132405291861025
-2.685209331619764
-0.9058566573964807
0.12635188143570175
-2.6774049905482666
-1.0467798021033032
0.04916555727601109
-2.5848189076814503
-0.9988169263373202
0.1074625421998916
-2.6236471067069624
-0.9564137582889534
0.03781583713878582
-2.6638905310872487
-1.013494871344333
0.09603087924075676
-2.61480452451518
-0.9571421546438097
0.059826583813761866
-2.6634838711846256
-0.794085080102263
-0.0054102862645069765
-2.7844802130946227
-0.8650939170125596
0.08190789886832718
-2.761215355386782
-0.8463163698286088
0.07793438082904239
-2.745136237223977
-0.9367932780957549
0.2566433256502014
-2.6923570526016376
-0.9156143134129981
0.11677340116323129
-2.7188705988610744
-0.9240699724214321
0.013074162676911152
-2.744288383051021
-0.9351766245411897
0.12316790399786853
-2.707983958625658
-0.5114659719022435
0.15055420671728614
-2.961639020382953
-0.5114659719022435
0.15055420671728614
-2.961639020382953
-0.5114659719022435
0.15055420671728614
-2.961639020382953
-0.8518855657251734
0.07510047004010983
-2.788020743768679
-0.9643637667677091
0.06577699183796265
-2.730543624807306
-1.0759057332356496
0.05712869292228767
-2.662501213705777
-1.1822094216492776
0.08594575516379029
-2.543501036957749
-1.1524401041908545
-0.22584576584906585
-2.635341685046928
-1.2109470998558967
0.055374264295903045
-2.4840358458175067
-0.8534227635829126
0.31668018468304654
-2.852894990743553
-1.0947666520489265
-0.1657559943959637
-2.664986422968126
-1.1234507160492537
-0.08659424916967565
-2.63702946291756
-0.9777948529180324
0.057911802914312166
-2.7735792620122353
-1.09436014080331
-0.06124381166682365
-2.7025339134115436
-0.9982654908656157
0.06405238990365804
-2.790979789929529
-1.0578309924388583
-0.007435639104547759
-2.7714251939035406
-1.025118078462084
-0.23997955795378823
-2.840552673458536
-1.2370145362167617
0.044154366006826665
-2.7437652839586515
-0.8122525073326978
0.17466377543462344
-2.8925652298267153
-0.8122525073326978
0.17466377543462344
-2.8925652298267153
-0.9354146331607612
0.15653350396160176
-2.8323241940713326
-1.0435250282703823
0.12619685127158642
-2.7459037432612363
-0.8766223789316882
0.0749432952411688
-2.881417951903216
-0.7205219648022105
0.10966720598285616
-2.974627550852656
-1.0623082721779524
0.13281641489136065
-2.790095113704713
-0.9406127910204148
-0.0191447091212071
-2.8898932432895412
-0.9406127910204148
-0.0191447091212071
-2.8898932432895412
-0.8167285836020326
0.16687143109981242
-2.9428160633175895
-1.1829617503018246
0.32667566817237226
-2.624332261411166
-1.0820192752898452
-0.17130564326601486
-2.8054661053378416
-0.7937766051836552
0.27298820000814966
-2.9798686148196
-1.011094273891959
0.055901152456416414
-2.835677825828198
-1.0761746350281958
0.09560444447068803
-2.8082887051313503
-0.8827202912612363
0.059188113673738864
-2.9289829150608764
-1.2151826476146834
-0.07797622432102563
-2.699022093828922
-0.7987263364658557
0.15267847112985997
-2.9749674613071804
-1.0279351983290177
0.028632116106134066
-2.8834916654211633
-1.0784726344006834
0.11768337548190903
-2.836083383816758
-1.077768569136598
0.1112392541877555
-2.808234217874471
-1.077768569136598
0.1112392541877555
-2.808234217874471
-0.8073211743590996
-0.04824413024524856
-3.004378789496479
-1.0727375395589196
-0.002175934360998618
-2.8427020941173495
-1.1890843477593425
-0.012278586555472489
-2.7697266541953023
-1.0454567800049097
0.0523651017095926
-2.93182877289592
-0.5890406975617747
0.406510124823782
-3.1131601006624394
-1.025812618166599
0.05012688013044307
-2.8823005787062947
-0.8130692628154346
-0.04600179144072165
-3.0571453870385583
-1.2280616837099356
0.12513606349087208
-2.761341899030624
-1.1178811286190107
-0.13090265695721842
-2.8695140309741953
-1.1895269791932896
0.08617943298461928
-2.7636439050874735
-0.8068336264164185
0.2955680765407009
-3.085766732559354
-1.2277975299087382
0.21611496784188014
-2.7532676655971278
-1.168891122305794
-0.0004888287395277647
-2.8533738388824004
-1.072407120737273
0.1255478711949459
-3.0179761188491656
-1.3864886398925589
0.1790660522501978
-2.659492619971189
-0.9904328153791566
0.09899614015028046
-3.00127053354141
-1.0818420348395221
-0.10218016107192077
-3.0293928001636123
-1.0818420348395221
-0.10218016107192077
-3.0293928001636123
-1.072247813446555
0.1699019363187669
-2.967298900373915
-1.0052809224333155
-0.045660244877916464
-3.026449477251773
-1.1139416258325952
-0.014265056213839247
-2.938711468505589
-0.9228885683231919
0.05120730677098152
-3.0867423108397722
-0.9228885683231919
0.05120730677098152
-3.0867423108397722
-0.9228885683231919
0.05120730677098152
-3.0867423108397722
