0.538375230056643
0.0971805224369055
-1.177834863827056
0.538375230056643
0.0971805224369055
-1.177834863827056
0.538375230056643
0.0971805224369055
-1.177834863827056
0.5255856397017564
0.0894916737121774
-1.1989325920961078
0.5255856397017564
0.0894916737121774
-1.1989325920961078
0.5444012443691435
0.10268436259374804
-1.1971644613591352
0.4954050388533558
0.1046198854882115
-1.2319468708428005
0.4954050388533558
0.1046198854882115
-1.2319468708428005
0.5165599844031576
0.08066140934924541
-1.2410953020924482
0.5095275678353465
0.10600621311037631
-1.2390129952765705
0.4875443100018094
0.1170794579823177
-1.2452150178107673
0.5286948677765039
0.08955372623315402
-1.221946788771409
0.48743917272946463
0.11458907267386402
-1.2645388911222015
0.5555149660328768
0.04022102243518491
-1.2285545571489433
0.5230675557572567
0.10287052941296547
-1.2608250652810453
0.43301539368269876
0.12991088461422645
-1.350509165979919
0.5025407184296846
0.09808263378439518
-1.2543827079702659
0.4831075125498777
0.10815640473534519
-1.28053045554761
0.48306458639688993
0.07914130701166872
-1.2884849480255844
0.531089791097322
0.09937277385625488
-1.2443237478187605
0.5540866935482917
0.08199714160815187
-1.2582646904743673
0.5238966684621982
0.11025812234358513
-1.2647272541230468
0.5212511385370411
0.05896760062634533
-1.2761051849703562
0.5287969795538328
0.08220306261636706
-1.298438721025235
0.5109683571346956
0.09893952967410538
-1.2903135226433822
0.575763937050643
0.06090393658673473
-1.2723030210248183
0.5142950018045273
0.096893154581319
-1.3033815127861372
0.3963654553200683
0.11827814576802331
-1.3901711174575788
0.3568075347722437
0.09845658698118466
-1.4636475303507563
0.4633898584716876
0.10926601763024163
-1.3466437835474405
0.5132582076580268
0.0789665142494846
-1.3154761790787708
0.529100799040874
0.0827649637059537
-1.3194014550125452
0.5027092291882135
0.1289204921878523
-1.3263178880866178
0.5791033579786963
0.10814096607655838
-1.322215299600563
0.5605972032895044
0.09234972989396843
-1.296529623144416
0.5167382062758208
0.0949799133782474
-1.3241182246365275
0.481070420607783
0.09732195857469082
-1.3597182546067432
0.41079673019085644
0.09633434061876751
-1.4174301707625772
0.31891710589183114
0.09487430917561493
-1.4843952555623452
0.45420696736186783
0.10666191625731308
-1.3896348064763488
0.5203835444361908
0.07246459050104422
-1.3702918555932693
0.49004450542587924
0.07861032561846575
-1.3793541186413816
0.5771936405265337
0.0734931981926757
-1.3335085689774242
0.44018526142983644
0.10607368941159524
-1.4171556320019423
0.5359724669448604
0.08816830513739529
-1.3529922712799471
0.5302682505016254
0.09304070548222282
-1.3725472805471282
0.4719043727875568
0.09770274021320381
-1.4110820296678712
0.4372019605974925
0.06710575504958324
-1.449480630997982
0.3469080870156126
0.07136334027343062
-1.5166952584226954
0.3843496171995993
0.10755535266351121
-1.484083411917121
0.29536317637713033
0.16010417733921292
-1.5240557737441947
0.39093090741005976
0.09947624012834909
-1.500652113642871
0.5068408376236412
0.05668984525429228
-1.423350688722944
0.6077814619759527
0.11148876267698171
-1.3835673376279187
0.5086320337336369
0.1196284292224806
-1.4205387984967082
0.5322841970747977
0.1067213542513021
-1.4544444799516896
0.6198587137041878
0.0949673907907635
-1.3918353381176605
0.47011152974003106
0.12398369015435698
-1.4889274663720167
0.4811459072511854
0.06933349426961688
-1.4663982152453299
0.47140283407263334
0.11042005869136619
-1.4703961453411907
0.554081104356016
0.11779265261016195
-1.4065489421319959
0.5601829177311671
0.06492601796959213
-1.4721132499325156
0.5959086599081207
0.10251744911956738
-1.4671303473821153
0.5703162063074175
0.11052810822851829
-1.436450379611174
0.36651228989709933
0.12040173511389893
-1.5760513720224616
0.49457163315304387
0.06458584722690423
-1.4763531285499538
0.24062958669114398
0.22579120276470704
-1.5978282842085398
0.3782635785843543
0.07983635679730099
-1.5615897283352673
0.36403179387352413
0.17688099948317468
-1.5566885457421253
0.4906104858175938
0.1269501178878503
-1.4995733316995856
0.5695803307131478
0.08025174895930995
-1.4860439157189895
0.4411146314516427
0.09122815520184664
-1.5405495032479626
0.4165526205286381
0.1218374619625571
-1.551094051405648
0.447638678330796
0.07990508626573849
-1.5443408791323099
0.3364712608341927
0.11267585648348595
-1.613544774889896
0.4916839054350437
0.09772308441616911
-1.5163097183065308
0.5805764225489166
0.09931617783564207
-1.4841486873574472
0.504930871490277
0.10320188165838534
-1.5462592623833735
0.45739366027062894
0.11018685867442103
-1.567556531832692
0.5710725917317494
0.0863691173006039
-1.508947962388419
0.4883583427826604
0.13527427209057974
-1.585078436995058
0.49645689164808315
0.1280837667753528
-1.564779809214783
0.5034272880456354
0.10104133362736548
-1.5589332547181969
0.46533291610088123
0.14598318758530845
-1.5710129970284454
0.435979872728709
0.08585132781379909
-1.5940639000439885
0.4613114758780192
0.11121715538096238
-1.5836213134351853
0.48916073283064293
0.048249748166917954
-1.5738573514656564
0.5100614520193018
0.07499337360899758
-1.5644439281287055
0.5485216432836136
0.08063223213537518
-1.5639826343698817
0.5002752810799282
0.049824219801830945
-1.6051519249743442
0.4507351982800361
0.09657053279687888
-1.6230848866111076
0.3782354326396177
0.08427562374234887
-1.6643713399068796
0.4694583330199036
0.05814210772872078
-1.62025410076702
0.4416431217849497
0.12685021437817792
-1.643072093668964
0.5023874285229583
0.09452975275792526
-1.6134490416111182
0.4789451222981382
0.10689909348141759
-1.6279650502621714
0.38128876897524355
0.08958930506852149
-1.7311206636167888
0.6419662119462972
0.07925600649506576
-1.5743989582518139
0.5206830790667216
0.05489088944890178
-1.6096669286535772
0.4919807900670242
0.12281511847366236
-1.6341770240504858
0.583375140147598
0.10926654692321594
-1.5901581075783018
0.39226971623443924
0.110663723317654
-1.6965146885232627
0.4920803090420322
0.030266042822721603
-1.6590779760101169
0.21395427516474305
0.17269998473777737
-1.7743150653378141
0.3684126208525527
0.13753575957802955
-1.747849959573439
0.3333016296478645
0.14470822934045327
-1.7427214414928134
0.4935666146872519
0.0822312114892121
-1.6691592646955216
0.502069247508361
0.07206048057998629
-1.6739834569917704
0.5231796544768891
0.08252964144981889
-1.6758214792196486
0.5231796544768891
0.08252964144981889
-1.6758214792196486
0.5231796544768891
0.08252964144981889
-1.6758214792196486
0.44461412716331117
0.09944553113228898
-1.7500086544851452
0.5763091590937296
0.09743735910356843
-1.6918400348046072
0.5763091590937296
0.09743735910356843
-1.6918400348046072
0.5763091590937296
0.09743735910356843
-1.6918400348046072
0.5763091590937296
0.09743735910356843
-1.6918400348046072
0.37970032449030844
0.18373341987894073
-1.8211914477193898
0.2384804885194782
0.30367396465420554
-1.8029563631075411
0.49018872145848186
0.09409388183568777
-1.7333036617971638
0.39076810654735955
0.13144937245571828
-1.7864693160558733
0.4801947435984156
0.0788487598041661
-1.746579180936355
0.3951297882247417
0.1453219007067376
-1.816834965796114
0.5042633744349628
0.0949757250852923
-1.7730665831996797
0.49868005561160667
0.13831847141945924
-1.7399424792183331
0.6214670992349517
0.0907733876200986
-1.695137342910348
0.5525276116290369
0.1176080835113625
-1.714127268528343
0.5384365182813291
0.07597810332993332
-1.7338643900203505
0.4519535177784903
0.15371479645750505
-1.7939809181267625
0.41985394090839756
0.10347911858388094
-1.8006740995226216
0.43192857485175423
0.09255189741034014
-1.8063363142282263
0.29606832388335086
0.18164494978318246
-1.8669783379084048
0.29606832388335086
0.18164494978318246
-1.8669783379084048
0.33527188023318366
0.07172646363059186
-1.866223630046799
0.4819292470948516
0.093634539108018
-1.8033499600862297
0.6140785747939633
0.04219986268034732
-1.829245365765012
0.3063750722350496
0.21175812052247128
-1.92207144927344
0.2789700618331139
0.1423229329354221
-1.9046056286378168
0.4151121710131557
0.10332800548660497
-1.8423532451730957
0.47468259888119285
0.09579005410479026
-1.8407299071673047
0.47471745408333693
0.09359572387022527
-1.840797919996848
0.5556324795309278
0.10486787410869647
-1.8825648197558502
0.5346889025543003
0.18474018598256925
-1.817242062688987
0.5731092317789079
0.10945150097432786
-1.7965749269162532
0.3924328936740064
0.18574806767937455
-1.8818017355468462
0.2467983190891457
0.129063453081466
-1.947039716045226
0.48987487410847036
0.17891790332387825
-1.8494080652952987
0.5219424769159028
0.10883447662345323
-1.8380880501954346
0.6247718156536244
0.10036855501258758
-1.7975756995162118
0.5283471901235611
0.08686483025552741
-1.8617048469472781
0.22028770013859714
0.1667954379945515
-1.9860098145967897
0.015344154611236074
0.11205541975228306
-2.0424164535164877
0.015344154611236074
0.11205541975228306
-2.0424164535164877
0.16360386159917856
-0.08404109681685876
-2.010779824880173
0.16360386159917856
-0.08404109681685876
-2.010779824880173
0.30808984684001905
0.18827722009253303
-1.9770985702522756
0.5235093864794252
0.07388645007709246
-1.9039924559370398
0.4477327512361445
0.11760785854970515
-1.9418700259018227
0.23802146002145272
0.44885115918666046
-1.9487757065560853
0.23802146002145272
0.44885115918666046
-1.9487757065560853
0.2676397959307038
0.3058221769503876
-1.9893649314906054
0.086855200777105
0.47375955269985887
-1.9879194110857554
0.3916398158178993
0.2514944293020496
-1.9725987699894965
0.4719037445791366
0.12294858200357181
-1.9760307966473023
0.4143615898800314
0.1798896979968118
-2.0319045051243596
0.6657802953814309
0.1366271216618187
-1.8811233808527792
0.5280254402899255
0.09541772803763013
-1.9522496819131803
0.29796303536520036
0.053476930240095547
-2.0904697102710066
0.4153801737002683
0.19376032112257463
-1.9879535690127594
0.39514553087350046
0.1731438826710677
-1.9840967917002648
0.5391250290842227
0.1714764814000395
-1.9369898483903785
0.6419787719995921
0.052238051313033766
-1.96946781493731
0.5898584190117991
0.08299852727050265
-1.9324572689006863
0.5842637780130696
0.010080039506095009
-1.93735192431028
0.5254965399223459
0.1066777092060285
-1.9574234278137435
0.4118446243832998
0.1401845416205009
-2.0078399030662215
0.4307179704727836
0.12432290324888225
-2.0156528947961525
0.7026920145793657
0.13243148117546655
-1.938882456575945
0.542395799171682
0.06633424218285143
-1.968624053581192
0.44203468226550896
0.15472205588141155
-2.0438446468842284
0.45718085296945943
0.08190105374679706
-2.012105337828005
0.48817101502972526
0.15888437331231647
-2.004574842052608
0.5808511068255442
0.09370735587715624
-1.9773402855984126
0.5808511068255442
0.09370735587715624
-1.9773402855984126
0.30234440194657747
0.2476402683929621
-2.0896374926361263
0.6197185241726102
0.18187218620421694
-2.0159134628799458
0.6197185241726102
0.18187218620421694
-2.0159134628799458
0.520328883448125
0.1942744422744383
-2.0023018074987387
0.520328883448125
0.1942744422744383
-2.0023018074987387
0.6081645040623731
0.05929976811811448
-1.9936171420770297
0.6081645040623731
0.05929976811811448
-1.9936171420770297
0.46038369042977706
0.19583153237489453
-2.0665065363941624
0.5254683671111199
0.07034006648628882
-2.039872011044874
0.30102878931516086
0.1526092147961274
-2.1274596410042066
-0.02810484305583555
0.532271343985196
-2.108518340262292
-0.02810484305583555
0.532271343985196
-2.108518340262292
0.29023484325118615
0.150497585903491
-2.154340444805045
0.1513813270002234
0.3897642724605114
-2.1510381029032004
0.39866423784881183
0.18101327911603
-2.1435588450589496
0.7123279136586284
0.11622341437286489
-2.0418357534552927
0.369556556540912
0.15939815398777782
-2.1658488937657396
0.4668215048004342
0.007723918627422693
-2.159225194304961
0.4579049364079229
0.007280764382368456
-2.1320945509258964
0.30040002429266327
0.12444063689700711
-2.218501390944763
0.30040002429266327
0.12444063689700711
-2.218501390944763
0.3995598774002274
0.09876830370113218
-2.166092954359433
0.3995598774002274
0.09876830370113218
-2.166092954359433
0.580561557690063
0.1332095211639227
-2.1054444836542747
0.39139434497088943
-0.02643742367689095
-2.228195863343061
0.5450535126192149
0.1540629194425899
-2.137348921652834
0.31345199729721346
-0.01771566048203613
-2.2079652894364
0.41348389909538374
0.05374025656138448
-2.1734872096362063
0.41348389909538374
0.05374025656138448
-2.1734872096362063
0.49237602637752836
0.2153094027673454
-2.1527963100492786
0.507618082618132
0.1427052263822031
-2.1490124218767233
0.5083506242721281
0.05183803470077326
-2.169634469786134
0.6006449794328766
0.042691428162507525
-2.117370919100979
0.5542183767505245
0.08476703029648451
-2.126722176447674
0.5542183767505245
0.08476703029648451
-2.126722176447674
0.44957735217051426
0.10892610922505755
-2.1769724179299828
0.2897918806449871
-0.035872314623528564
-2.265366866178398
0.575910723923458
0.09926632225914647
-2.160862218741419
0.7875951517817626
0.098742428585227
-2.0930476034375682
0.7875951517817626
0.098742428585227
-2.0930476034375682
0.5271007407460293
0.14815883160757554
-2.165093276827431
0.53864391734853
0.1818765440969962
-2.218661738290819
0.49616897817926764
0.052775106783850875
-2.2275360335715306
0.47195587668128497
0.03488078357540621
-2.220491542577838
0.5799883961754271
0.19046939127270807
-2.190984908077232
0.40811060051464704
0.13578655421519517
-2.2550336343089055
0.48104865842346034
0.22915321486864199
-2.2371180631828325
0.3639489713233563
0.20104894602202392
-2.281580831891975
0.5632255116624698
0.19588618911724312
-2.2097330601083196
0.6483139416538323
0.0738415922410713
-2.2014214779903654
0.8899198119927115
0.14015526327720546
-2.208477065231805
0.5513361850444407
0.07113196521988199
-2.239294085082374
0.5513361850444407
0.07113196521988199
-2.239294085082374
0.4072836668151743
0.19657181937924184
-2.299245151287536
0.3964101091666192
0.13268969207146813
-2.3493924103576433
0.5073320591740106
-0.01729118519745027
-2.3493500192712737
0.6670649083332227
-0.020274968845065862
-2.241388341471434
0.33360673122356593
0.16724437580927815
-2.359425679811448
0.6350254295113313
0.09092756219147946
-2.259989725103085
0.6350254295113313
0.09092756219147946
-2.259989725103085
0.7242136551228823
0.09774919415412375
-2.230690172224235
0.7242136551228823
0.09774919415412375
-2.230690172224235
0.7242136551228823
0.09774919415412375
-2.230690172224235
0.762530338076748
0.04512061213410583
-2.2398621383382498
0.5139359144510769
0.145371612459321
-2.3141251197354427
0.7264508589895949
-0.01304100838255298
-2.2868297646117712
0.7264508589895949
-0.01304100838255298
-2.2868297646117712
0.7181594818979925
0.036271833658642325
-2.2785060922502693
0.7181594818979925
0.036271833658642325
-2.2785060922502693
0.6065494710608413
0.01038182328375342
-2.3190151851991567
0.6065494710608413
0.01038182328375342
-2.3190151851991567
0.6245448763023648
0.00580772668429354
-2.383647604629789
0.6245448763023648
0.00580772668429354
-2.383647604629789
0.4248260826682474
0.04783997010759943
-2.404103669650505
0.33669412368203
0.24868321007886607
-2.4148665790177883
-0.007824780503390187
0.37911680848831003
-2.5175382928108827
-0.007824780503390187
0.37911680848831003
-2.5175382928108827
-0.007824780503390187
0.37911680848831003
-2.5175382928108827
0.08418555387432883
0.44077644759629203
-2.4505752200807995
0.08418555387432883
0.44077644759629203
-2.4505752200807995
0.008904182764921055
0.5571795910283077
-2.5040924574882175
0.42511236605630837
0.12187293294000133
-2.4706175856900408
0.37854325152426066
0.09177320550314771
-2.463910353421596
0.2166003171665123
0.10411272605859938
-2.483453198984633
0.2166003171665123
0.10411272605859938
-2.483453198984633
0.2166003171665123
0.10411272605859938
-2.483453198984633
0.2166003171665123
0.10411272605859938
-2.483453198984633
0.39540216059343175
-0.12796541873872497
-2.494416912093807
0.5107708696183821
0.15539486115954446
-2.4485017784908654
0.5107708696183821
0.15539486115954446
-2.4485017784908654
0.6643395817149024
0.13197870768467046
-2.515383260177709
0.6643395817149024
0.13197870768467046
-2.515383260177709
0.5199095183854665
-0.03477946216143508
-2.571630893167738
0.19534159324218972
0.30289049074083846
-2.542643976541083
0.04131882782904792
0.6837045444764668
-2.543679518983832
0.19249415367422448
0.3124493151334155
-2.5805434622606276
0.19249415367422448
0.3124493151334155
-2.5805434622606276
0.06154360193594382
0.09301772582715406
-2.76488273678164
0.06154360193594382
0.09301772582715406
-2.76488273678164
0.06154360193594382
0.09301772582715406
-2.76488273678164
0.4077041576095629
0.13657192891722492
-2.5837870060151613
0.28523020987473674
0.3371036003611254
-2.733585798330327
0.09743017931544733
0.5406278509320774
-2.550433915915608
0.09743017931544733
0.5406278509320774
-2.550433915915608
0.09743017931544733
0.5406278509320774
-2.550433915915608
0.09743017931544733
0.5406278509320774
-2.550433915915608
0.09743017931544733
0.5406278509320774
-2.550433915915608
0.24537620155917808
0.590029494121386
-2.558426535384318
0.12241018882896962
0.6481391133716684
-2.5613095658153675
0.20031741271849252
0.5860063321118099
-2.5659742686938154
0.20031741271849252
0.5860063321118099
-2.5659742686938154
0.20031741271849252
0.5860063321118099
-2.5659742686938154
0.20031741271849252
0.5860063321118099
-2.5659742686938154
0.20031741271849252
0.5860063321118099
-2.5659742686938154
-0.06600683460907539
0.9810936897217616
-2.503168115450317
-0.06600683460907539
0.9810936897217616
-2.503168115450317
0.11531826242425657
0.8026516227578044
-2.587137982559876
0.11531826242425657
0.8026516227578044
-2.587137982559876
0.1625980132285548
0.37847098216097036
-2.8333463003178907
0.1625980132285548
0.37847098216097036
-2.8333463003178907
0.38570246249999296
0.0518812289010725
-2.699482002883919
0.6448427148981638
0.07754588538459099
-2.644151543004956
0.5349557469670003
0.14317963030986317
-2.6000834988854162
0.49138092671751393
0.29988797377230514
-2.62618163618053
0.49138092671751393
0.29988797377230514
-2.62618163618053
0.5302726365667504
-0.03591717839372852
-2.7670095949318
0.44811630409085346
-0.205694551165712
-2.7202210259697988
0.44811630409085346
-0.205694551165712
-2.7202210259697988
0.44811630409085346
-0.205694551165712
-2.7202210259697988
0.08950436349272145
-0.6873414558468974
-2.7635420300813154
0.08950436349272145
-0.6873414558468974
-2.7635420300813154
0.08950436349272145
-0.6873414558468974
-2.7635420300813154
0.08950436349272145
-0.6873414558468974
-2.7635420300813154
0.08950436349272145
-0.6873414558468974
-2.7635420300813154
0.08950436349272145
-0.6873414558468974
-2.7635420300813154
0.08950436349272145
-0.6873414558468974
-2.7635420300813154
0.08950436349272145
-0.6873414558468974
-2.7635420300813154
0.08950436349272145
-0.6873414558468974
-2.7635420300813154
0.08950436349272145
-0.6873414558468974
-2.7635420300813154
0.08950436349272145
-0.6873414558468974
-2.7635420300813154
0.08950436349272145
-0.6873414558468974
-2.7635420300813154
0.08950436349272145
-0.6873414558468974
-2.7635420300813154
0.08950436349272145
-0.6873414558468974
-2.7635420300813154
0.08950436349272145
-0.6873414558468974
-2.7635420300813154
0.08950436349272145
-0.6873414558468974
-2.7635420300813154
0.08950436349272145
-0.6873414558468974
-2.7635420300813154
0.08950436349272145
-0.6873414558468974
-2.7635420300813154
0.08950436349272145
-0.6873414558468974
-2.7635420300813154
0.08950436349272145
-0.6873414558468974
-2.7635420300813154
0.08950436349272145
-0.6873414558468974
-2.7635420300813154
0.08950436349272145
-0.6873414558468974
-2.7635420300813154
0.08950436349272145
-0.6873414558468974
-2.7635420300813154
0.08950436349272145
-0.6873414558468974
-2.7635420300813154
0.1551402373118603
-0.7714004993659903
-2.8076870176919346
0.1551402373118603
-0.7714004993659903
-2.8076870176919346
0.1551402373118603
-0.7714004993659903
-2.8076870176919346
0.1551402373118603
-0.7714004993659903
-2.8076870176919346
0.1551402373118603
-0.7714004993659903
-2.8076870176919346
0.1551402373118603
-0.7714004993659903
-2.8076870176919346
0.1551402373118603
-0.7714004993659903
-2.8076870176919346
0.1551402373118603
-0.7714004993659903
-2.8076870176919346
-0.0022296888226279424
-0.5548096598249872
-2.9028026542844687
-0.0022296888226279424
-0.5548096598249872
-2.9028026542844687
-0.26279923454641313
-0.427851565852326
-2.880197402364634
-0.26279923454641313
-0.427851565852326
-2.880197402364634
-0.26279923454641313
-0.427851565852326
-2.880197402364634
-0.26279923454641313
-0.427851565852326
-2.880197402364634
-0.26279923454641313
-0.427851565852326
-2.880197402364634
-0.26279923454641313
-0.427851565852326
-2.880197402364634
-0.26279923454641313
-0.427851565852326
-2.880197402364634
-0.26279923454641313
-0.427851565852326
-2.880197402364634
-0.26279923454641313
-0.427851565852326
-2.880197402364634
-0.26279923454641313
-0.427851565852326
-2.880197402364634
-0.26279923454641313
-0.427851565852326
-2.880197402364634
-0.26279923454641313
-0.427851565852326
-2.880197402364634
-0.26279923454641313
-0.427851565852326
-2.880197402364634
-0.26279923454641313
-0.427851565852326
-2.880197402364634
-0.26279923454641313
-0.427851565852326
-2.880197402364634
-0.26279923454641313
-0.427851565852326
-2.880197402364634
-0.26279923454641313
-0.427851565852326
-2.880197402364634
-0.26279923454641313
-0.427851565852326
-2.880197402364634
-0.31204145487770263
-0.40135516398412197
-2.947240951447141
-0.31204145487770263
-0.40135516398412197
-2.947240951447141
-0.21299803066010586
-0.6317627378048231
-2.929248735319491
-0.5476399858769655
-0.2552530042377809
-3.0047920582949414
-0.5476399858769655
-0.2552530042377809
-3.0047920582949414
-0.5476399858769655
-0.2552530042377809
-3.0047920582949414
-0.5476399858769655
-0.2552530042377809
-3.0047920582949414
-0.5476399858769655
-0.2552530042377809
-3.0047920582949414
-0.5476399858769655
-0.2552530042377809
-3.0047920582949414
-0.5476399858769655
-0.2552530042377809
-3.0047920582949414
-0.5476399858769655
-0.2552530042377809
-3.0047920582949414
-0.5476399858769655
-0.2552530042377809
-3.0047920582949414
-0.5476399858769655
-0.2552530042377809
-3.0047920582949414
-0.5476399858769655
-0.2552530042377809
-3.0047920582949414
-0.05911567651697819
-0.793262814769895
-3.045706127032091
-0.05911567651697819
-0.793262814769895
-3.045706127032091
-0.05911567651697819
-0.793262814769895
-3.045706127032091
-0.05911567651697819
-0.793262814769895
-3.045706127032091
-0.05911567651697819
-0.793262814769895
-3.045706127032091
-0.05911567651697819
-0.793262814769895
-3.045706127032091
