0.4699972339406273
0.11076519526508666
-1.1135736769871476
0.472947669202436
0.09982164615036113
-1.110916337801447
0.46486645293462747
0.10417398879998362
-1.1205387421310409
0.4699972339406273
0.11076519526508666
-1.1135736769871476
0.5005255442246132
0.09661033599281098
-1.09871548508131
0.5005255442246132
0.09661033599281098
-1.09871548508131
0.48043119871727924
0.10787905529697817
-1.1057574909550794
0.5005255442246132
0.09661033599281098
-1.09871548508131
0.5005255442246132
0.09661033599281098
-1.09871548508131
0.44225736547404265
0.08874058696865768
-1.1569908568227398
0.4031507566204146
0.11316696920967016
-1.1929709083550724
0.4774916709848078
0.09921091082851445
-1.1350557631605052
0.48508275037880816
0.09037938283322718
-1.1469712303382464
0.48776549382877066
0.09965813406760096
-1.1437163160197408
0.474261854986751
0.09796461255734458
-1.1538826343583728
0.43801515928079415
0.09039191032834484
-1.186619607135471
0.4461443918866575
0.1090786374450762
-1.1781893759381143
0.41072108426032744
0.08781024810284624
-1.217217548151568
0.4562846022869712
0.10369157814400572
-1.1758229193132752
0.4592427445401087
0.08438333570494543
-1.1842844120518763
0.501772313170239
0.08205947964596824
-1.1635042768843082
0.508178632586731
0.10395416576887191
-1.1752353581503174
0.4448603785674177
0.09317328668431665
-1.2061614854339637
0.48500476134923615
0.08908587852455782
-1.1798159068973402
0.46338481543972365
0.07013626108739142
-1.204810444030656
0.4420548870896554
0.10927642161327275
-1.2190711437947979
0.4310262152169305
0.07123168740251208
-1.2474769975525657
0.47121330985001014
0.10615835516550107
-1.213020780836202
0.4816227529531181
0.09328944237567459
-1.214002141015062
0.41147172337510485
0.05972352991993253
-1.2775763965502431
0.463773387774155
0.0630474123135682
-1.2293759453587902
0.46342887319378623
0.1010111569960558
-1.2379355149942566
0.5034999667122128
0.07127915906057705
-1.2110686364834002
0.44232671813127633
0.08849841367471965
-1.2571683550252164
0.46649708571919
0.0852231471407513
-1.2426175192289328
0.4774530736674736
0.06925493578060725
-1.2497932134408127
0.45698459540213165
0.07202962240363396
-1.2665934247527404
0.4429461340854917
0.10881484981745708
-1.2802514533003464
0.46651147376068597
0.07712195104498545
-1.2604055471338194
0.4469831195242108
0.09235809622293716
-1.285787923291434
0.3246736869036214
0.08931229042925898
-1.3695255295644955
0.49843711643469674
0.07137216792675012
-1.2965197322124473
0.42117484162384466
0.09714215365373037
-1.3118957869413792
0.4454621947017918
0.11179763137163484
-1.2961387233708557
0.41279207221824216
0.10860717400825823
-1.3328598106209775
0.43169554002039817
0.07516784125562975
-1.3203698064924132
0.4151738534037782
0.09213702354457627
-1.329186189852169
0.43684269738326015
0.07496751624234492
-1.340767730504521
0.4329839889960437
0.09849471999422406
-1.3363417474112647
0.40839115836371964
0.13562603535474016
-1.3545376351461513
0.48304593368426363
0.10747994879846583
-1.312298015853479
0.40045060497298446
0.10780950148797395
-1.3725094312072075
0.4180526930401582
0.1247408983264976
-1.3642763714165393
0.447460672085406
0.06580471959458876
-1.3577789941614662
0.4393005658818769
0.10711074021368817
-1.354306468730578
0.4412127955101795
0.10766943139577612
-1.3647924569393137
0.4224235296987632
0.08910773816162654
-1.3726035862345574
0.437325848040656
0.07503881459684635
-1.3813690097044824
0.4571590381378644
0.08871867185470769
-1.3660860191656579
0.4356338097973446
0.07513921052567063
-1.381007432386988
0.4382394912742053
0.07647141709773153
-1.3921228799292993
0.47535620237858384
0.10537796234715431
-1.3687767175163275
0.39363799689814355
0.09859365654290835
-1.425073371504021
0.49871433245360625
0.09395796287495807
-1.367534609473885
0.4450050701815101
0.10915578688819087
-1.407497431280289
0.4513696192085164
0.09532809317425338
-1.4143042621909943
0.4368780512938025
0.07677935368055795
-1.4133529185849398
0.4682002890144845
0.07341561836489624
-1.4036907440303248
0.4606128880357136
0.09153613809673702
-1.408509802332646
0.4606128880357136
0.09153613809673702
-1.408509802332646
0.440215945069896
0.11068804916643614
-1.438602406170985
0.5246119762507376
0.08654772075023895
-1.4194702903022283
0.4745897197973034
0.10627468911804387
-1.440539298349032
0.4975406604204347
0.0948687617853755
-1.4070179833016854
0.463333097797768
0.09719669782538658
-1.4422478255103535
0.5615127319473502
0.0815281497238483
-1.3814406538435218
0.41773260108468346
0.10391173605917098
-1.4818543344215813
0.4016684822253846
0.0862253127797733
-1.4934067551197507
0.41976529226454556
0.13737094576836625
-1.500140430687645
0.43004008865431703
0.07140670995063653
-1.480165429333933
0.20766403144214277
0.23695798191707554
-1.5657240244442452
0.2564867174494568
0.16502989775957727
-1.5785919565577002
0.29098258421973483
0.19283662334722557
-1.566425439576612
0.3469138939705839
0.14690911862847575
-1.5410378635478643
0.3150772812619034
0.12063114414629011
-1.565136286585792
0.43593351842539696
0.08641589669738999
-1.5074103152893248
0.43397777134991783
0.08664086308595131
-1.5070436287288471
0.47296729080930383
0.07994259418688782
-1.4963981230096868
0.3647108329329123
0.17221326251649607
-1.5532617672390747
0.33281651273920787
0.1507264067007308
-1.5930247893469331
0.27908920694414263
0.14393767611664762
-1.612786513153708
0.2810968432228776
0.1963617577285329
-1.6382972228590023
0.24919152098400998
0.1265735970871808
-1.6244064367300217
0.4522417172282012
0.10956010364841141
-1.533586527469766
0.5402188351198313
0.044010440936562416
-1.4881226237331422
0.4382975178515332
0.08745845716706452
-1.5603592610358645
0.426221078176448
0.12601784234909452
-1.5895376097483518
0.3264345074229105
0.1723186307955374
-1.6302854950974466
0.5145095887563685
0.14088809082965786
-1.5440063798595032
0.4659783012916038
0.11195222131527754
-1.564208467316966
0.36110003351337816
0.17137189533789374
-1.610564452788957
0.43383361324426145
0.16380124068426544
-1.6040633923365424
0.4142207987351292
0.11584635902990544
-1.600759145542289
0.2574413841539351
0.24949455699809328
-1.6564084453346608
0.19393379348045708
0.17211992117695302
-1.6921697136825695
0.3069826934906998
0.16473086280795063
-1.6796959158431766
0.10950304814084098
0.46700672501869017
-1.6750842246025375
0.18049973543192946
0.2707088598127634
-1.6991701436255955
0.43350488300219436
0.11979658089793457
-1.6231141674565068
0.3586930820372696
0.19258491345097006
-1.6696588882754806
0.48402316595187383
0.0720716444236734
-1.6168609120665198
0.34605090609457184
0.1744195132517234
-1.6680580111803909
0.3617715307991256
0.1225555658757355
-1.674161493841154
0.26866874499140597
0.16919846410016648
-1.7065087202265223
0.32859526296154107
0.17892078292614524
-1.736712308424912
0.4386837744981045
0.10215980362488483
-1.7177298056506085
0.4173252547288527
0.11664921087775021
-1.6777773701565852
0.3929890737313553
0.09034714588181021
-1.6929512801153335
0.34111541183878913
0.0691842161328172
-1.7162722948560178
0.5380852744434138
0.13947844927302422
-1.6742716654362564
0.5056929652456165
0.059777882328254796
-1.6549612300073653
0.3245701774502291
0.10911468923321317
-1.7374655543235362
0.3023483866647486
0.14055542014975503
-1.7537714476348734
0.3023483866647486
0.14055542014975503
-1.7537714476348734
0.299976073769253
0.14857267716108244
-1.7523499393665614
0.4982211370701219
0.045100111633805104
-1.666377739976549
0.3004131071171227
0.13540135147295942
-1.7668698430540604
0.31880231049733876
0.11521079022966067
-1.7723666003462597
0.11551482840625917
0.35054425654057053
-1.79177451029656
0.1103641367447989
0.3807407646564898
-1.8423764883710978
0.1103641367447989
0.3807407646564898
-1.8423764883710978
0.20123349310398458
0.331572569029245
-1.8278956649281657
0.1639862265353789
0.1656127086392848
-1.8573288660658387
0.13506913261161088
0.28115823933309075
-1.8639009851742916
0.3108158336823975
0.12887044759189653
-1.807817374019822
0.5066825010944945
0.10960910304711678
-1.7197711186235103
0.38614067743993996
0.08567303540916323
-1.7791337587810652
0.3765564171989513
0.14538931361995616
-1.8014296181295826
0.5493480981337632
0.0786615174855844
-1.7569249581405402
0.5493480981337632
0.0786615174855844
-1.7569249581405402
0.5493480981337632
0.0786615174855844
-1.7569249581405402
0.49983741267920706
0.14136180712732566
-1.7435265417280585
0.3549995767138414
0.1766337340835462
-1.8180613944055495
0.5009203498496816
0.13926978306564666
-1.7439242637526673
0.30840877917833215
0.09880269734559906
-1.8495909639594945
0.15261066757604108
0.25454997720895817
-1.9089099330898016
0.17779038479656412
0.2591512372444208
-1.8676596001190835
0.06930937222436297
0.3752031280332933
-1.874675771933116
0.2553236212701539
0.18592733959642319
-1.8769444451825483
0.42286911584851794
0.01733920399208585
-1.8126738634206792
0.4595984136209624
0.06495389547941996
-1.8021301841404211
0.510803084481588
0.09563433467225525
-1.8147588277133162
0.4563536711461466
0.14465852166923057
-1.8581532026054268
0.4077127487506055
0.16341890050634908
-1.841836739089286
0.4434930603237886
0.11036193137752773
-1.829090724202003
0.45820712103511224
0.06714348226252569
-1.8208481957624472
0.41782714627171463
0.11049404017311493
-1.8383375415545717
0.5087531749494224
0.14851430675402447
-1.7976998215009208
0.5788822317938129
0.09829273953302753
-1.7753428703180663
0.45181870114831907
0.05251328944727374
-1.8558145704656897
0.49897048993122856
0.08745976936965709
-1.8287887297536614
0.2668712564671322
0.0897862954826874
-1.9283636342805552
0.12000653147972314
0.34428246376508065
-1.940200495366064
0.18338485362930382
0.23257898204487978
-1.968090118639206
0.27638039532271064
0.2748101910340053
-1.9310338184065958
0.5579903125738634
0.09021459013895917
-1.8444484386515194
0.25226703774910075
0.2993516348551936
-1.940908894951413
0.1098403841407584
0.28715448884628997
-1.9922475106568045
0.08995891296414052
0.245708129316933
-1.9906333672146157
0.08995891296414052
0.245708129316933
-1.9906333672146157
0.08995891296414052
0.245708129316933
-1.9906333672146157
0.08995891296414052
0.245708129316933
-1.9906333672146157
0.25830533381711823
0.33884934806475037
-1.9740744408540396
0.25830533381711823
0.33884934806475037
-1.9740744408540396
0.23546752250153716
0.25625065258948493
-1.9678712160123701
0.4631352157027282
0.08048334960616907
-1.9224036140224245
0.27709802784181903
0.2493533832487678
-1.984121591360107
0.4972206784592398
0.11450255184491145
-1.9237294661729387
0.46132372109737163
0.08320236161929391
-1.9222599492383905
0.4948027644056216
0.028849363309607048
-1.9169013236024086
0.5276245573365608
0.06199174249313502
-1.9199441956995018
0.22824748715243254
0.046582859598544746
-2.0375296989833016
0.4924892644285879
0.15381011587403684
-1.93741194462175
0.4924892644285879
0.15381011587403684
-1.93741194462175
0.4141514834542565
0.14706225100970147
-1.983713404555504
0.41446454086816703
0.07428606727369641
-2.0022635720655173
0.4618493870909646
0.08840846222437458
-1.966074481981203
0.3073075665272468
0.041469132597134896
-2.044552232449385
0.41199268465532957
0.029787107801147652
-2.0028106184619783
0.496957669047693
0.12624569686870984
-1.966902232864801
0.44374904242143975
0.07996375429059481
-1.9835025318330675
0.4706062601611243
0.16761053489990058
-1.9903613896795203
0.3394537220533458
0.10945909774537474
-2.0482368363843486
0.4992057722458245
0.13207367396556075
-1.9894627820407274
0.36159068515745246
0.130986813057218
-2.052008129307498
0.45978970316478535
0.0997663657878473
-2.01180197876114
0.26429847357357655
-0.07393325540476837
-2.1295695672867074
0.406396390809197
0.04137296899357209
-2.0512429525731983
0.3308588981349237
0.17556945453801376
-2.0922763788953733
0.6142462778264735
0.12878856655729584
-1.95488434113637
0.2999339436207398
0.14190736097125345
-2.0901928688731846
0.3567685316225901
0.1406054653910109
-2.0759563913118604
0.4001990481795571
0.04602569853386864
-2.0760185460479126
0.4729877019135981
0.0942443404980624
-2.043250818595361
0.45916831854651297
0.10897254782571357
-2.059882699403984
0.5448781415675144
0.08107966759285036
-2.0156316068547957
0.24906187607020405
0.33414085090278406
-2.110432826212603
0.1850529390059822
0.19637885281777376
-2.152361590687851
0.22224442140482992
0.2326667013201915
-2.1278071207782
0.36956310959492544
0.06559266069906465
-2.0941389019907604
0.3944607866939044
0.043966570172505055
-2.1010674975958117
0.4657928439867297
0.19038837737376113
-2.0588019892987863
0.5217403935001834
0.14480152155527698
-2.0496908654888997
0.17881861221761303
0.22276039132543968
-2.173696835148426
0.17881861221761303
0.22276039132543968
-2.173696835148426
0.38875854383449127
0.03805754960068595
-2.1265590561626033
0.38875854383449127
0.03805754960068595
-2.1265590561626033
0.10964862311003498
0.3998914785125326
-2.1818091759393092
0.08744469553333489
0.7528101881922207
-2.0737934338455046
0.060023243223209496
0.4605512759281995
-2.1735737353467828
0.060023243223209496
0.4605512759281995
-2.1735737353467828
0.09713222974510925
0.30107070976407174
-2.197943843537151
0.46781146634952714
0.09492738854123448
-2.1447761736416657
0.49089644150789236
0.027675760748190302
-2.104227938577077
0.5843107591726983
0.12228515056108488
-2.0893192227715467
0.5843107591726983
0.12228515056108488
-2.0893192227715467
0.5843107591726983
0.12228515056108488
-2.0893192227715467
0.5482967288894791
0.08499858570833466
-2.1145867889572485
0.5987088700764002
0.13361624169007313
-2.0964628755911687
0.5987088700764002
0.13361624169007313
-2.0964628755911687
0.5987088700764002
0.13361624169007313
-2.0964628755911687
0.5987088700764002
0.13361624169007313
-2.0964628755911687
0.3359526947157381
0.06258883809679844
-2.2298006570569475
0.047755040915611974
0.41457749933801913
-2.255525090889199
0.047755040915611974
0.41457749933801913
-2.255525090889199
0.40105461707948736
0.15992960597614905
-2.2195773103394245
0.2639613804277881
0.13046674167778302
-2.260572788589526
0.3982545465428294
0.15699424055809272
-2.2197045682747087
0.29997711501757396
0.17052275899434777
-2.263561049561717
0.490086222400772
0.14665680382328014
-2.191035871142289
0.490086222400772
0.14665680382328014
-2.191035871142289
0.5545453084083609
0.07292342659147558
-2.1952311946397893
0.6994218305262851
0.08190264896621421
-2.152659162092262
0.438542584370083
0.03860928117984139
-2.250299454814967
0.438542584370083
0.03860928117984139
-2.250299454814967
0.438542584370083
0.03860928117984139
-2.250299454814967
0.3559056115285834
-0.010323995958513509
-2.2935334387253197
0.48224411689202057
0.13818093408705726
-2.2197142371701584
0.5023110894934527
0.11338417598245522
-2.2298296400784503
0.5023586765184238
0.11640497557831253
-2.2297037149661834
0.6170315792391496
0.09016064026402261
-2.2347589511801167
0.6170315792391496
0.09016064026402261
-2.2347589511801167
0.6706877504133972
0.04389255416263527
-2.235499531503022
0.6772638633745632
0.23268677922746508
-2.163655992170138
0.3710538000782276
0.15975498328545243
-2.308483857240411
0.19825136582990105
0.1408952790877447
-2.350248909618427
0.33341918331958026
-0.003365236404418579
-2.324783639251575
0.593424959530578
0.1157932542532843
-2.253708618557134
0.593424959530578
0.1157932542532843
-2.253708618557134
0.593424959530578
0.1157932542532843
-2.253708618557134
0.593424959530578
0.1157932542532843
-2.253708618557134
0.593424959530578
0.1157932542532843
-2.253708618557134
0.4016544827892524
0.16472748010582497
-2.3567065017027957
0.00643589971375156
0.41843672025499984
-2.4836577185890465
0.00643589971375156
0.41843672025499984
-2.4836577185890465
0.00643589971375156
0.41843672025499984
-2.4836577185890465
0.38481580552884875
0.10524037744483479
-2.370844335438006
0.10807238965877435
0.4172619704133868
-2.413915626671597
0.28911358986483726
0.24516820240112736
-2.4179583769814808
0.620409748412348
0.09141069432804964
-2.390820959591532
0.8338564082905854
0.11127513142878966
-2.2165328909125814
0.5711679635134894
0.17162858635240513
-2.3380545185225734
0.44311023259520116
0.09638774970810467
-2.377514980136868
0.5169814443935254
-0.10014922098495162
-2.3627035933415064
0.4637491922555792
-0.050100956058889874
-2.4250622548972887
0.528872720491028
0.05649380720216694
-2.376985444171303
0.16791184011923335
0.36503143389708964
-2.4421131110952645
0.30457609092571447
0.20402362556045697
-2.43141325325017
0.3570517041104377
0.1034800712467788
-2.4381116822113094
0.3570517041104377
0.1034800712467788
-2.4381116822113094
0.17702886001358517
0.40681896590507216
-2.4642435689619884
0.04158749224927911
0.6625309934339352
-2.4351581113171936
0.04158749224927911
0.6625309934339352
-2.4351581113171936
0.04158749224927911
0.6625309934339352
-2.4351581113171936
0.04158749224927911
0.6625309934339352
-2.4351581113171936
0.04158749224927911
0.6625309934339352
-2.4351581113171936
0.2757925748599082
0.21817019024179107
-2.50003457909647
0.4812549469238969
0.16193228011784652
-2.5338776709374375
0.4417566882276675
0.12926925589085908
-2.4520398794651816
0.5172649937606347
0.1876805565198202
-2.4502583857291653
0.20492628885656144
0.2917165193981301
-2.513312935140065
0.503382546259345
0.004549687784247436
-2.4463153318046222
0.5825883887724216
0.08991382762639484
-2.4246031211793166
0.6286706412701287
0.2366156476154825
-2.4094179459118448
0.6286706412701287
0.2366156476154825
-2.4094179459118448
0.6286706412701287
0.2366156476154825
-2.4094179459118448
0.8217168834069574
0.06443472370251141
-2.3933492403222383
0.8217168834069574
0.06443472370251141
-2.3933492403222383
0.8217168834069574
0.06443472370251141
-2.3933492403222383
0.8217168834069574
0.06443472370251141
-2.3933492403222383
0.8217168834069574
0.06443472370251141
-2.3933492403222383
0.8217168834069574
0.06443472370251141
-2.3933492403222383
0.39699864939020346
0.28748118472483086
-2.516605501718079
0.27167985852096016
0.44266104375140214
-2.5267543003929864
0.4872563538349621
0.20448477599675513
-2.521209665745357
0.1493359115259891
0.5410529580934554
-2.541003919929477
0.3936412432877857
0.1471842890633626
-2.5610091638920047
0.3913964760876446
0.15647272257429337
-2.560151425286453
0.625882208842648
-0.00024059228406935637
-2.4846378555317297
0.625882208842648
-0.00024059228406935637
-2.4846378555317297
0.625882208842648
-0.00024059228406935637
-2.4846378555317297
0.625882208842648
-0.00024059228406935637
-2.4846378555317297
0.4659073941739294
0.05222963671168155
-2.5947316038345796
0.6385792429797027
-0.009576549779077861
-2.558794758845881
0.5331769996073619
0.1188905842460935
-2.5590116506126988
0.24203683919652966
0.48036122041607743
-2.593185291228606
0.24203683919652966
0.48036122041607743
-2.593185291228606
0.08306827634119333
0.738278560776621
-2.568817287844123
0.08306827634119333
0.738278560776621
-2.568817287844123
0.08306827634119333
0.738278560776621
-2.568817287844123
0.07554078827335721
0.7380651335673342
-2.568027739078612
0.061287464511744334
0.7342564498034344
-2.5922783432101926
0.27320603405393695
0.302319361408899
-2.646101026226523
0.2791869334160225
-0.06099460389281388
-2.6692416124630665
-0.06522381834080296
0.12101143920637875
-2.6866750779405795
-0.057078085917699764
0.12839410304971546
-2.6857287044177705
-0.057078085917699764
0.12839410304971546
-2.6857287044177705
-0.057078085917699764
0.12839410304971546
-2.6857287044177705
-0.057078085917699764
0.12839410304971546
-2.6857287044177705
0.1934683626638989
0.4256172263605835
-2.659052797907624
-0.161474214340238
0.45215345088044384
-2.698761621313605
-0.161474214340238
0.45215345088044384
-2.698761621313605
-0.161474214340238
0.45215345088044384
-2.698761621313605
-0.161474214340238
0.45215345088044384
-2.698761621313605
-0.161474214340238
0.45215345088044384
-2.698761621313605
0.08946123725158765
0.6199146644528609
-2.6486605678893933
0.08946123725158765
0.6199146644528609
-2.6486605678893933
0.08946123725158765
0.6199146644528609
-2.6486605678893933
0.4632633182278274
0.2551187171392755
-2.688129704053329
0.11961152443082743
0.4205858638723386
-2.7252217107874794
0.3556171036341173
0.6472028220950915
-2.6827506239585084
0.3556171036341173
0.6472028220950915
-2.6827506239585084
0.1675365128524471
0.9709853154300875
-2.6178492808299523
0.1675365128524471
0.9709853154300875
-2.6178492808299523
0.1675365128524471
0.9709853154300875
-2.6178492808299523
-0.05554540682687216
0.6163676465408623
-2.746132535785195
0.273002483287413
0.2188240676401142
-2.853009418624107
0.15376499921842987
0.5211295145685324
-2.7579618910107557
0.2665013741700159
0.2118989129087054
-2.8060236482902896
0.47617728898860057
0.24977235611547094
-2.745944061918757
0.2547281965408641
0.2063721095943743
-2.8063972197171645
0.10495686101010625
0.49616967779458815
-2.789466832818354
0.3702859486232362
0.024821718125114002
-2.856222803795023
0.648834354883513
0.1684089417242729
-2.722339152604641
0.6300819182808006
-0.02054736108062376
-2.7364043247466836
0.6300819182808006
-0.02054736108062376
-2.7364043247466836
0.6300819182808006
-0.02054736108062376
-2.7364043247466836
0.6300819182808006
-0.02054736108062376
-2.7364043247466836
0.5046298956698929
0.092018172183422
-2.7847688409230513
0.6130793456114018
-0.059659303000408656
-2.812108335825474
0.6130793456114018
-0.059659303000408656
-2.812108335825474
0.45944114842513895
0.2523345705864895
-2.791105993096172
0.5018372381536494
0.08111886244525966
-2.831511165178618
0.5018372381536494
0.08111886244525966
-2.831511165178618
0.45944114842513895
0.2523345705864895
-2.791105993096172
0.45944114842513895
0.2523345705864895
-2.791105993096172
0.45944114842513895
0.2523345705864895
-2.791105993096172
0.18717021791136582
0.6620641183753506
-2.7851072658913956
0.18717021791136582
0.6620641183753506
-2.7851072658913956
0.18717021791136582
0.6620641183753506
-2.7851072658913956
0.18717021791136582
0.6620641183753506
-2.7851072658913956
0.18717021791136582
0.6620641183753506
-2.7851072658913956
0.18717021791136582
0.6620641183753506
-2.7851072658913956
0.18717021791136582
0.6620641183753506
-2.7851072658913956
0.18717021791136582
0.6620641183753506
-2.7851072658913956
0.18717021791136582
0.6620641183753506
-2.7851072658913956
0.2819373902850709
0.490219685151804
-2.848524061249839
0.11392945847824384
0.3608942347908615
-2.9065585515811456
0.11392945847824384
0.3608942347908615
-2.9065585515811456
0.0027647916274202477
0.7058722360823155
-2.8781808351731595
0.0027647916274202477
0.7058722360823155
-2.8781808351731595
-0.0023018985171853685
0.8914595497977201
-2.824342262898858
-0.0023018985171853685
0.8914595497977201
-2.824342262898858
-0.0023018985171853685
0.8914595497977201
-2.824342262898858
0.06352937936663458
1.0034363145609582
-2.8358499011912097
0.06352937936663458
1.0034363145609582
-2.8358499011912097
0.06352937936663458
1.0034363145609582
-2.8358499011912097
0.291131244092965
0.7103390216993891
-2.9453113619328173
0.21956690943456864
0.39126689039176477
-2.935085495460798
0.17039505485481776
0.8111197546700059
-2.963257292821973
0.17039505485481776
0.8111197546700059
-2.963257292821973
0.17039505485481776
0.8111197546700059
-2.963257292821973
0.05535040334437744
0.8672564831915888
-2.928827132693896
0.18184839738060266
0.7862434119339394
-2.940888054329009
0.18184839738060266
0.7862434119339394
-2.940888054329009
0.18184839738060266
0.7862434119339394
-2.940888054329009
