0.03471488887802218
0.07198144279497604
-0.785301069097735
-0.008600782193118335
0.10551905002890977
-0.790952511923033
-0.005043937636870102
0.13665381502648266
-0.8031306045822117
0.021583443129457192
0.09723287849494036
-0.7976568735286937
-0.010822460024559024
0.14260882651622553
-0.8050616709787665
-0.010056533451068918
0.09175175091692
-0.809265452235118
0.04505495743038694
0.0740723032898693
-0.8097128399607089
0.013154292898959027
0.15723999021236154
-0.8107752045269133
0.027648860135152987
0.08378918200582378
-0.8205003179239753
0.038903242707362576
0.08869409025979705
-0.8259001896664367
0.004141133519508942
0.19112012101324974
-0.8194852101217073
0.03559741937648882
0.06664389194293478
-0.8353339790551985
0.03559741937648882
0.06664389194293478
-0.8353339790551985
0.02508005940924726
0.11164292968740558
-0.8474205749865958
0.07320351045824716
0.046672312785570456
-0.840660100787964
0.07320351045824716
0.046672312785570456
-0.840660100787964
-0.0016206111470842982
0.0703854272380764
-0.8662214684241577
0.029521206981483583
0.06928985591000475
-0.8655846823907685
-0.0044381213647081
0.19557535311759094
-0.853361331367516
0.015962964480673282
0.12094600830860561
-0.8689496805335291
0.029644529605185776
0.11724196068288484
-0.8724613541572532
0.024309262709396907
0.0982060833261279
-0.8830548855897
0.021606786290301556
0.143115792150185
-0.8806211818937102
0.017933285476990853
0.09966214604096617
-0.8930498492641813
-0.004953678798752225
0.10897488539949693
-0.8973341819938924
0.01990074981315434
0.14197348520314657
-0.9022000720120068
-0.020542203039890607
0.10304930102822372
-0.9025814593553991
0.032027461386995484
0.10241793141144524
-0.9067444598241222
0.011559848278688268
0.13183830451179712
-0.9143327824144698
0.07727142480509844
0.05415988157672332
-0.9158618260608794
0.01550909349080266
0.11774383839866778
-0.9256521582943615
0.029827664241236628
0.14566362735872812
-0.9267837984260476
-0.00600352344459375
0.2599598524842249
-0.9099993477219527
0.027327863748658084
0.09488820943569254
-0.9366103282319014
0.0024710852611509464
0.2199678557416633
-0.9265964405153257
0.0028941908473525636
0.11209916221085867
-0.9475347352676743
0.008072687368689914
0.11863549207985417
-0.9523473770149689
0.0029908306836153864
0.18047400970924743
-0.9448155828595658
0.024363020674533824
0.13723111437850966
-0.9552311893020243
-0.005771990275669387
0.0789789977332824
-0.9750098154715326
0.03127969267597502
0.12476400089419333
-0.9672128086507018
-0.013286681448228282
0.0887874992171185
-0.9749157085053767
0.03195934949303165
0.1143943725346473
-0.9785724568686752
0.037259848620596635
0.09447366376844994
-0.9844969205403445
0.07693167440362686
0.09198945877658751
-0.9842821125416281
0.013790097396894506
0.16484961285273614
-0.9844773627745503
-0.008291080990576554
0.10871928656434889
-1.0083814160472564
0.0029934331292747304
0.15258137774688046
-0.9935974729959539
0.07832136715467579
0.06380663042938187
-1.0185443443804754
0.029054286243085058
-0.007265229880362936
-1.0205206859123424
0.017292651550044547
0.1400715531272382
-1.0172672961105056
-0.0003980824480848368
0.2144219341063014
-1.0080643295160414
0.0030294554304870487
0.17146425794774886
-1.0212750361438372
0.003090886960512503
0.20432174985445398
-1.022447385356824
-0.00977842521345705
0.22236016229037972
-1.0205088738360881
0.0028580379211810224
0.16183383703798476
-1.0415926756526481
0.01340252691145783
0.06022457286447155
-1.0452208117165036
0.01340252691145783
0.06022457286447155
-1.0452208117165036
0.0031979313340879728
0.11652360393764781
-1.052422547914157
0.1713530441295144
0.026673229285829783
-1.0395318213416738
0.1713530441295144
0.026673229285829783
-1.0395318213416738
0.1713530441295144
0.026673229285829783
-1.0395318213416738
0.18356927845910195
-0.02032878243539891
-1.0393196447058055
0.18356927845910195
-0.02032878243539891
-1.0393196447058055
0.12943266769363798
0.049560914822854046
-1.0683897329382148
0.005036719696975447
0.22772510513650576
-1.0708230460877155
-0.03246880749645234
0.13581188447293194
-1.0905859470553068
-0.018038636089968425
0.05065404703396639
-1.098558241261634
0.03691277401535287
0.06445953640972427
-1.0998229842876002
0.0015774917841640777
0.22048378246881098
-1.086745093702044
0.06439829403774273
0.03830622071432116
-1.1069451183167685
0.06439829403774273
0.03830622071432116
-1.1069451183167685
-0.016382462132175174
0.04792589123024784
-1.134987229574919
-0.011663057320929154
0.19422507876780376
-1.1181015701175885
0.027849456882136445
0.21563358340387065
-1.116662021360615
0.027849456882136445
0.21563358340387065
-1.116662021360615
0.03821462478627012
0.16329175699987375
-1.130791574589266
0.03670401897439318
0.3067425177824415
-1.1087047945985078
0.005577762577078857
0.11806978399647744
-1.14403360975245
0.005577762577078857
0.11806978399647744
-1.14403360975245
-0.04464511703474722
0.10856328680502846
-1.1509033741314176
-0.018221567626535318
0.2854682156617035
-1.1334434271257747
-0.03474706241900192
0.1326350908652281
-1.1653784815053534
-0.03605630877254172
0.23384981455521922
-1.157414009176197
-0.03074885293787662
0.06422126273726919
-1.1841152659033356
-0.03074885293787662
0.06422126273726919
-1.1841152659033356
0.047194119148384034
0.17704637931319436
-1.1763854225794697
0.14156479817030468
0.03656183794004006
-1.1666229240787762
0.14156479817030468
0.03656183794004006
-1.1666229240787762
0.2374378812944635
0.05052853883762129
-1.1633505347459256
0.06118521326811659
0.0587045450119983
-1.2142614510967096
-0.04465824301658413
0.16072057308759372
-1.2020936743383306
-0.04364252707667667
0.10755465663993609
-1.2083924853461339
0.011267456216358633
0.17498745419921077
-1.2042137509604869
-0.08627479938957737
0.1297707577056789
-1.210549671922216
-0.12407268213403774
0.05158253201567474
-1.2209060055164649
0.09371795947548815
0.003104820750702686
-1.2398546366707952
-0.04197253299843465
-0.2037480206539091
-1.2286165587900137
-0.04197253299843465
-0.2037480206539091
-1.2286165587900137
-0.04197253299843465
-0.2037480206539091
-1.2286165587900137
-0.04197253299843465
-0.2037480206539091
-1.2286165587900137
-0.04197253299843465
-0.2037480206539091
-1.2286165587900137
-0.04197253299843465
-0.2037480206539091
-1.2286165587900137
-0.04197253299843465
-0.2037480206539091
-1.2286165587900137
-0.04197253299843465
-0.2037480206539091
-1.2286165587900137
-0.04197253299843465
-0.2037480206539091
-1.2286165587900137
-0.04197253299843465
-0.2037480206539091
-1.2286165587900137
-0.04197253299843465
-0.2037480206539091
-1.2286165587900137
-0.04197253299843465
-0.2037480206539091
-1.2286165587900137
-0.04197253299843465
-0.2037480206539091
-1.2286165587900137
-0.04197253299843465
-0.2037480206539091
-1.2286165587900137
-0.04197253299843465
-0.2037480206539091
-1.2286165587900137
-0.04197253299843465
-0.2037480206539091
-1.2286165587900137
-0.04197253299843465
-0.2037480206539091
-1.2286165587900137
-0.04197253299843465
-0.2037480206539091
-1.2286165587900137
-0.04197253299843465
-0.2037480206539091
-1.2286165587900137
-0.04197253299843465
-0.2037480206539091
-1.2286165587900137
-0.04197253299843465
-0.2037480206539091
-1.2286165587900137
-0.04197253299843465
-0.2037480206539091
-1.2286165587900137
-0.04197253299843465
-0.2037480206539091
-1.2286165587900137
-0.04197253299843465
-0.2037480206539091
-1.2286165587900137
-0.04197253299843465
-0.2037480206539091
-1.2286165587900137
-0.04197253299843465
-0.2037480206539091
-1.2286165587900137
-0.04197253299843465
-0.2037480206539091
-1.2286165587900137
-0.04197253299843465
-0.2037480206539091
-1.2286165587900137
-0.04197253299843465
-0.2037480206539091
-1.2286165587900137
-0.04197253299843465
-0.2037480206539091
-1.2286165587900137
-0.04197253299843465
-0.2037480206539091
-1.2286165587900137
-0.04197253299843465
-0.2037480206539091
-1.2286165587900137
-0.04197253299843465
-0.2037480206539091
-1.2286165587900137
-0.04197253299843465
-0.2037480206539091
-1.2286165587900137
-0.04197253299843465
-0.2037480206539091
-1.2286165587900137
-0.04197253299843465
-0.2037480206539091
-1.2286165587900137
-0.04197253299843465
-0.2037480206539091
-1.2286165587900137
0.10001742157408498
-0.07142966034146853
-1.4137775319538084
0.013253409689755833
0.11508608944900198
-1.408858150665984
-0.11412907352483143
0.13308642419432826
-1.4112375038958147
-0.11412907352483143
0.13308642419432826
-1.4112375038958147
0.016075602077652983
0.1659594133082948
-1.4100505343295935
-0.021731842124369384
0.26431987809752183
-1.4050664624017226
0.06056878163531235
0.23022056183634262
-1.4414776065491128
-0.045805317637039496
0.09263731645864154
-1.4338990182053388
0.09524580681501099
0.08986886856303608
-1.4405010726250398
0.09524580681501099
0.08986886856303608
-1.4405010726250398
-0.009902709975747305
0.29337827343148637
-1.429314275540606
0.11992071387726823
0.09219286119143436
-1.4348264834440938
-0.12087732782687065
0.1322813944832503
-1.4471655380446355
-0.0701614770915707
0.2505165947120323
-1.4414311549025707
-0.10128848714717131
0.17367531844450332
-1.446376877735269
0.12921582802681936
0.21469056525637628
-1.459876970366503
-0.04216682633939282
-0.027437044234622638
-1.4845711139884443
0.15027791217985692
0.2035936184642934
-1.467099112864565
-0.02437351975774985
0.28199460114514224
-1.4650275002192354
-0.07248036607762962
0.26188427102288203
-1.4787046348944128
-0.09097841977768238
0.19267969600282392
-1.4860060766717915
-0.026092267706264938
0.214064808741206
-1.5021014266305646
0.06955241134295134
0.13011672422371742
-1.4943828817716382
0.06955241134295134
0.13011672422371742
-1.4943828817716382
-0.012018820348471234
0.2470189542068213
-1.4982942607415242
-0.012018820348471234
0.2470189542068213
-1.4982942607415242
0.034304212291691526
0.2841917001952334
-1.504903626160728
-0.06341312650796942
0.06831100693490164
-1.520906497906231
0.08068748971011121
-0.006158252044397747
-1.5320854944305948
0.08068748971011121
-0.006158252044397747
-1.5320854944305948
0.08068748971011121
-0.006158252044397747
-1.5320854944305948
-0.0243506457913617
0.21735068118443898
-1.529603108050402
0.047822232962579654
0.21827354320056724
-1.54278823023837
0.15543842072382255
0.07079002922180569
-1.5383510574585975
0.048578773861681517
0.21469776371735047
-1.5432329363627657
0.21695636079782366
0.06302479693800382
-1.5308192005550223
0.08424047961079434
0.12238466009943394
-1.5630124416991964
0.08424047961079434
0.12238466009943394
-1.5630124416991964
0.1550770875719079
0.17388218606620662
-1.5469088915043456
0.08603692376311392
0.1245471588573674
-1.5774145854602621
-0.15757809441731768
0.037331213125249875
-1.5608667078747183
-0.15757809441731768
0.037331213125249875
-1.5608667078747183
-0.15757809441731768
0.037331213125249875
-1.5608667078747183
-0.08465393082316193
0.21423796652061206
-1.5850721153430587
-0.2907231445215206
0.12057364561786262
-1.575102494026225
-0.2907231445215206
0.12057364561786262
-1.575102494026225
-0.2907231445215206
0.12057364561786262
-1.575102494026225
-0.2907231445215206
0.12057364561786262
-1.575102494026225
-0.2907231445215206
0.12057364561786262
-1.575102494026225
-0.2907231445215206
0.12057364561786262
-1.575102494026225
-0.29135234585353886
-0.10396144736703757
-1.5808278210324331
-0.031248890692416258
-0.3720652941326305
-1.6006820864049043
0.11788562438116022
-0.18652393832714967
-1.6395427488089587
-0.06739319770665636
0.03174173330994404
-1.6384136700354759
-0.06739319770665636
0.03174173330994404
-1.6384136700354759
-0.08147469369315839
-0.09107356755166474
-1.650886655734686
-0.08147469369315839
-0.09107356755166474
-1.650886655734686
-0.08147469369315839
-0.09107356755166474
-1.650886655734686
-0.08147469369315839
-0.09107356755166474
-1.650886655734686
-0.08147469369315839
-0.09107356755166474
-1.650886655734686
-0.08147469369315839
-0.09107356755166474
-1.650886655734686
0.17353134559746203
0.08364291160855135
-1.6681616709591622
0.14512482819428132
0.15965827251491235
-1.6851589392955553
-0.036699335145599754
0.22746609667447426
-1.6822909593192543
-0.025732292047776058
0.11067843265833611
-1.7085877827167208
-0.025732292047776058
0.11067843265833611
-1.7085877827167208
-0.20756100219256704
-0.05475643092238219
-1.694187223844423
-0.20756100219256704
-0.05475643092238219
-1.694187223844423
-0.45758855757372885
-0.10832128867382726
-1.6364328015030958
-0.45758855757372885
-0.10832128867382726
-1.6364328015030958
-0.45758855757372885
-0.10832128867382726
-1.6364328015030958
-0.19291065252562084
-0.007926778306223346
-1.7194782416867205
-0.06682014442830309
0.2854568575105367
-1.7258695499237247
-0.19120633089966904
-0.008967340762541902
-1.7201195923125747
-0.19120633089966904
-0.008967340762541902
-1.7201195923125747
-0.09852351804687658
0.15809920182029408
-1.7664241018857103
0.05105188641078074
-0.14650584982341136
-1.7521923114348754
0.05105188641078074
-0.14650584982341136
-1.7521923114348754
0.1387192574888192
0.08196432454250101
-1.760667017686348
0.08702489530748637
0.18758878531449732
-1.7715231471335378
0.2779075885449256
0.186029274349592
-1.7470319548426436
0.48385807717674023
0.0823999874226402
-1.6792264803779648
0.48385807717674023
0.0823999874226402
-1.6792264803779648
0.48385807717674023
0.0823999874226402
-1.6792264803779648
0.33883668964684127
0.03895857291836113
-1.7543737260011545
0.33883668964684127
0.03895857291836113
-1.7543737260011545
0.33883668964684127
0.03895857291836113
-1.7543737260011545
0.33883668964684127
0.03895857291836113
-1.7543737260011545
0.33883668964684127
0.03895857291836113
-1.7543737260011545
0.33883668964684127
0.03895857291836113
-1.7543737260011545
0.33883668964684127
0.03895857291836113
-1.7543737260011545
0.2799444325732247
0.3468252287283109
-1.7743942151237022
0.13446346964005138
0.07924158643034035
-1.816967996567008
0.002951584983022443
0.22259319151956444
-1.8166660653743745
0.24148637416017887
0.051752970967011674
-1.8065536303056884
0.24148637416017887
0.051752970967011674
-1.8065536303056884
0.14528072672759618
0.0776237914498952
-1.876656090811719
0.14528072672759618
0.0776237914498952
-1.876656090811719
-0.00992384723919936
0.3353030344304233
-1.8413508743568952
-0.00992384723919936
0.3353030344304233
-1.8413508743568952
-0.007193913744749482
0.223860762378602
-1.8558665183167646
-0.0583574882867483
0.16941918393562913
-1.8533864052792508
0.1260489762013394
0.3097479032811761
-1.8353634734292628
0.21367138751408774
0.21006189720161206
-1.8666186683472155
0.21367138751408774
0.21006189720161206
-1.8666186683472155
-0.06363741530008749
0.45461510358171253
-1.9338513880844093
-0.06363741530008749
0.45461510358171253
-1.9338513880844093
-0.06363741530008749
0.45461510358171253
-1.9338513880844093
-0.06363741530008749
0.45461510358171253
-1.9338513880844093
0.0911592603972504
0.36166296457358105
-1.8740534169523537
0.0911592603972504
0.36166296457358105
-1.8740534169523537
0.06872100378858209
0.1556971769614664
-1.9177135136987018
-0.04637633937582291
0.4257397809870511
-1.908112078106816
0.12026547419381531
0.09013692582517205
-1.920570714728583
-0.10357313651834772
0.3168146408320634
-1.9017858953592452
-0.10357313651834772
0.3168146408320634
-1.9017858953592452
-0.10357313651834772
0.3168146408320634
-1.9017858953592452
0.07477699893846489
0.47646491093667587
-1.9184218493792478
0.07477699893846489
0.47646491093667587
-1.9184218493792478
0.07477699893846489
0.47646491093667587
-1.9184218493792478
0.07477699893846489
0.47646491093667587
-1.9184218493792478
0.11196388404558347
0.5648709570730249
-1.8888130059339452
0.11196388404558347
0.5648709570730249
-1.8888130059339452
0.11196388404558347
0.5648709570730249
-1.8888130059339452
0.11196388404558347
0.5648709570730249
-1.8888130059339452
0.040405903649886755
0.6900002542370959
-1.8683365561847487
0.040405903649886755
0.6900002542370959
-1.8683365561847487
0.040405903649886755
0.6900002542370959
-1.8683365561847487
0.10819635198612211
0.45075644500998474
-1.9667585638692342
0.10819635198612211
0.45075644500998474
-1.9667585638692342
0.10819635198612211
0.45075644500998474
-1.9667585638692342
0.10819635198612211
0.45075644500998474
-1.9667585638692342
-0.04105958356174027
0.4776330690649606
-1.9805408242217306
-0.05734099931669476
0.6138249912849687
-1.94272550672125
-0.05734099931669476
0.6138249912849687
-1.94272550672125
-0.05734099931669476
0.6138249912849687
-1.94272550672125
-0.05734099931669476
0.6138249912849687
-1.94272550672125
-0.05734099931669476
0.6138249912849687
-1.94272550672125
-0.11747867864691144
0.5385915610534546
-2.0209629732782903
-0.089002200246439
0.24715333696393618
-2.0941799655642703
-0.089002200246439
0.24715333696393618
-2.0941799655642703
-0.089002200246439
0.24715333696393618
-2.0941799655642703
-0.089002200246439
0.24715333696393618
-2.0941799655642703
0.14635480072179227
0.39408046170920585
-2.1019807802724344
0.389699531445085
0.1188798087517429
-2.0989025455015633
0.3709891379212109
0.06942954732846826
-2.053414818859695
0.3709891379212109
0.06942954732846826
-2.053414818859695
0.3709891379212109
0.06942954732846826
-2.053414818859695
0.27091150659835983
0.14264425640387993
-2.0708882668764335
0.27091150659835983
0.14264425640387993
-2.0708882668764335
0.27091150659835983
0.14264425640387993
-2.0708882668764335
-0.0014305411027376608
0.35981704180968344
-2.0907193588445936
0.02970719030588168
0.3278727447385128
-2.1116653668666636
0.02857588308535754
0.32842316578700365
-2.1114305573482217
-0.24285659813758884
0.09059747785409777
-2.1330540277436802
0.02857588308535754
0.32842316578700365
-2.1114305573482217
0.027449471474522397
0.32895317331161233
-2.111204101219954
0.027449471474522397
0.32895317331161233
-2.111204101219954
-0.16594632983141167
0.15350170568086138
-2.152142896732196
-0.333371896991281
-0.04756511448908733
-2.150391495146204
-0.06293967496488553
0.3003654281770369
-2.150502921511244
-0.0660999670707985
0.1948613897028264
-2.161225399497378
-0.0660999670707985
0.1948613897028264
-2.161225399497378
-0.0660999670707985
0.1948613897028264
-2.161225399497378
0.057782204609175325
0.4232342406778461
-2.1476611034893502
-0.05160190772704572
0.5436679105230311
-2.121851474789531
-0.0673039328821174
0.20089492140245022
-2.1886666385779505
0.021967890445507995
0.34103352539028875
-2.163850489233365
0.05946903007941862
0.1135540083734208
-2.184259583409613
0.05946903007941862
0.1135540083734208
-2.184259583409613
0.05946903007941862
0.1135540083734208
-2.184259583409613
0.42347289792184956
-0.0494924090373528
-2.163024675521435
0.42347289792184956
-0.0494924090373528
-2.163024675521435
0.42347289792184956
-0.0494924090373528
-2.163024675521435
0.42347289792184956
-0.0494924090373528
-2.163024675521435
0.42347289792184956
-0.0494924090373528
-2.163024675521435
0.42347289792184956
-0.0494924090373528
-2.163024675521435
0.42347289792184956
-0.0494924090373528
-2.163024675521435
0.42347289792184956
-0.0494924090373528
-2.163024675521435
0.42347289792184956
-0.0494924090373528
-2.163024675521435
0.42347289792184956
-0.0494924090373528
-2.163024675521435
0.045304159952276046
0.10828817116974572
-2.271723124929749
0.045304159952276046
0.10828817116974572
-2.271723124929749
0.045304159952276046
0.10828817116974572
-2.271723124929749
0.3066851072046787
0.26900406936027055
-2.251891521031345
0.3066851072046787
0.26900406936027055
-2.251891521031345
0.3066851072046787
0.26900406936027055
-2.251891521031345
0.2502467357167104
0.18690710747199307
-2.2828277139503608
0.2502467357167104
0.18690710747199307
-2.2828277139503608
0.2502467357167104
0.18690710747199307
-2.2828277139503608
0.0068917240147186466
0.5268566360213239
-2.246767417103353
0.0068917240147186466
0.5268566360213239
-2.246767417103353
0.28017208536562876
0.3129492208781291
-2.297666878064275
0.28017208536562876
0.3129492208781291
-2.297666878064275
0.28017208536562876
0.3129492208781291
-2.297666878064275
0.28017208536562876
0.3129492208781291
-2.297666878064275
-0.0657723281683736
0.6038581307091979
-2.258195062189398
-0.0657723281683736
0.6038581307091979
-2.258195062189398
0.04813205331776026
0.6149919125987527
-2.288831085797623
0.04813205331776026
0.6149919125987527
-2.288831085797623
0.04813205331776026
0.6149919125987527
-2.288831085797623
-0.05623741140352746
0.6258401723904593
-2.2669058044791117
0.002890704616997449
0.5506338071952169
-2.3064953783269737
0.002890704616997449
0.5506338071952169
-2.3064953783269737
0.002890704616997449
0.5506338071952169
-2.3064953783269737
0.002890704616997449
0.5506338071952169
-2.3064953783269737
0.002890704616997449
0.5506338071952169
-2.3064953783269737
0.26029986514211256
0.5299563989448101
-2.317750912455912
-0.14545516978276057
0.38566691311644397
-2.3580148728753354
0.00227914406073006
0.5514520958110254
-2.306362302303827
0.15816941456892647
0.3121297992074076
-2.3739758332524525
0.15816941456892647
0.3121297992074076
-2.3739758332524525
0.15816941456892647
0.3121297992074076
-2.3739758332524525
-0.11962251994783218
0.21887538170932327
-2.4013174930842025
-0.10930563639902519
0.3570893916635443
-2.3854373291554674
0.0034070787528404237
0.1264244115754374
-2.433517119980131
-0.2850886744833707
0.3187136321075809
-2.363163368686628
0.003301734224981419
0.11982115733067196
-2.4336556562050515
-0.1604467583063788
-0.29352772394392374
-2.4124359744279853
-0.1604467583063788
-0.29352772394392374
-2.4124359744279853
-0.1604467583063788
-0.29352772394392374
-2.4124359744279853
-0.1604467583063788
-0.29352772394392374
-2.4124359744279853
-0.1604467583063788
-0.29352772394392374
-2.4124359744279853
-0.1604467583063788
-0.29352772394392374
-2.4124359744279853
-0.1604467583063788
-0.29352772394392374
-2.4124359744279853
-0.1604467583063788
-0.29352772394392374
-2.4124359744279853
-0.1604467583063788
-0.29352772394392374
-2.4124359744279853
-0.1604467583063788
-0.29352772394392374
-2.4124359744279853
-0.1604467583063788
-0.29352772394392374
-2.4124359744279853
-0.1604467583063788
-0.29352772394392374
-2.4124359744279853
-0.1604467583063788
-0.29352772394392374
-2.4124359744279853
0.17076080369478336
-0.3119216122212672
-2.4809917372690653
0.3315362527627087
-0.12394658121812281
-2.4624816771057674
0.13156053335668744
0.2239323496811965
-2.5076778620946474
-0.0034195559975811374
0.42306315896588614
-2.4737878516542664
-0.004668808341384226
0.427239874328337
-2.473427294124692
-0.38124105604287806
0.011267691671359709
-2.4843647217973186
-0.38124105604287806
0.011267691671359709
-2.4843647217973186
-0.38124105604287806
0.011267691671359709
-2.4843647217973186
-0.38124105604287806
0.011267691671359709
-2.4843647217973186
-0.38124105604287806
0.011267691671359709
-2.4843647217973186
-0.38124105604287806
0.011267691671359709
-2.4843647217973186
-0.13075613398656233
0.38791942944893115
-2.5257653238591393
-0.29226399756711363
0.19912235305796147
-2.5186867385463976
-0.29226399756711363
0.19912235305796147
-2.5186867385463976
-0.29226399756711363
0.19912235305796147
-2.5186867385463976
-0.2932512026430853
0.19958492041230513
-2.5184836408612474
-0.022569540250947984
0.10990151488448667
-2.581295430149653
-0.3050475223798323
0.20283271817224152
-2.555272776488206
-0.19760547526239292
0.48399642776008034
-2.5238582111512797
-0.19760547526239292
0.48399642776008034
-2.5238582111512797
-0.005319870017915593
0.4377080876277755
-2.547964213117605
-0.0036434422200770215
0.6239092254370028
-2.5092365250497703
-0.0036434422200770215
0.6239092254370028
-2.5092365250497703
-0.004893879124631466
0.4351842133534262
-2.5482437133336866
-0.004893879124631466
0.4351842133534262
-2.5482437133336866
-0.031063106849223688
0.10608369025768404
-2.621069894455281
-0.031063106849223688
0.10608369025768404
-2.621069894455281
-0.45107456116432587
0.3636645298009633
-2.5791042621685696
-0.021910991424748297
0.09489973078724247
-2.7044517809012607
-0.18446858184000658
0.45086417219759556
-2.6516404587313764
-0.6180163378871026
0.006491815343848896
-2.5548155348257553
-0.30917710364337914
-0.1855196004549557
-2.597008936133543
-0.30917710364337914
-0.1855196004549557
-2.597008936133543
-0.41801142121567525
0.012588345312517154
-2.5948464055128535
-0.41801142121567525
0.012588345312517154
-2.5948464055128535
-0.41801142121567525
0.012588345312517154
-2.5948464055128535
-0.41801142121567525
0.012588345312517154
-2.5948464055128535
-0.41801142121567525
0.012588345312517154
-2.5948464055128535
-0.41801142121567525
0.012588345312517154
-2.5948464055128535
-0.37798705190192217
-0.13306813698823672
-2.6520141618785753
-0.37798705190192217
-0.13306813698823672
-2.6520141618785753
-0.37798705190192217
-0.13306813698823672
-2.6520141618785753
-0.37798705190192217
-0.13306813698823672
-2.6520141618785753
-0.37798705190192217
-0.13306813698823672
-2.6520141618785753
-0.37798705190192217
-0.13306813698823672
-2.6520141618785753
-0.37798705190192217
-0.13306813698823672
-2.6520141618785753
-0.37798705190192217
-0.13306813698823672
-2.6520141618785753
-0.501448495113014
0.22216485042011436
-2.6449268602797313
-0.501448495113014
0.22216485042011436
-2.6449268602797313
-0.501448495113014
0.22216485042011436
-2.6449268602797313
-0.731904374585099
0.08990929703631138
-2.5159441050750253
-0.731904374585099
0.08990929703631138
-2.5159441050750253
-0.731904374585099
0.08990929703631138
-2.5159441050750253
-0.731904374585099
0.08990929703631138
-2.5159441050750253
-0.731904374585099
0.08990929703631138
-2.5159441050750253
-0.731904374585099
0.08990929703631138
-2.5159441050750253
-0.731904374585099
0.08990929703631138
-2.5159441050750253
-0.731904374585099
0.08990929703631138
-2.5159441050750253
-0.731904374585099
0.08990929703631138
-2.5159441050750253
-0.35850308128261826
0.22323281336600312
-2.759778785851216
-0.21166384068755098
0.3867599167317346
-2.75543826149781
0.18315873024261395
0.3790696839537304
-2.760370870919923
-0.22955247496433273
0.5466057046260631
-2.7239405996744455
-0.22955247496433273
0.5466057046260631
-2.7239405996744455
-0.04872299450091529
0.5378686815664849
-2.764785755744789
-0.16409809393974248
0.4398455511764706
-2.7721359569706214
-0.16409809393974248
0.4398455511764706
-2.7721359569706214
0.1293348792968161
0.8708827416612841
-2.6525119320801718
0.1293348792968161
0.8708827416612841
-2.6525119320801718
0.16226202940547815
0.7393465804603553
-2.73611381927544
-0.2788147930562193
0.6964748281376774
-2.7018149295070013
0.13271936520916638
0.43308224397215916
-2.7759866609862827
-0.08757369252564647
0.8168240153592298
-2.695221749309777
-0.08757369252564647
0.8168240153592298
-2.695221749309777
-0.014919816580733589
0.5901725744989517
-2.824896317724241
-0.014919816580733589
0.5901725744989517
-2.824896317724241
0.021022693646283813
0.5478820105860329
-2.8112850744122393
-0.05609034323489566
0.104937303823697
-2.8394659495635635
0.18908962527962278
0.38517742221334156
-2.8058923236225075
-0.010876448272505671
0.5059758884915362
-2.7984403392650825
-0.010876448272505671
0.5059758884915362
-2.7984403392650825
-0.00874145780147965
0.7397117863484053
-2.7963896542339004
-0.00874145780147965
0.7397117863484053
-2.7963896542339004
-0.048082815166441875
0.5604549067355602
-2.858078427057049
-0.048082815166441875
0.5604549067355602
-2.858078427057049
0.3372836800199508
0.35818010642922
-2.8269717678594932
-0.05842837661058776
0.08814107449969713
-2.8878876477520796
-0.05842837661058776
0.08814107449969713
-2.8878876477520796
-0.3833610852192235
0.22886846947114647
-2.850967713587192
-0.38409287124852987
0.22703023713465348
-2.8507907069442164
-0.38409287124852987
0.22703023713465348
-2.8507907069442164
-0.049189713939770056
0.5607567852655996
-2.858209315343062
-0.09054485591786683
0.8529037995596934
-2.784075898679337
-0.175035785502196
0.4562233805660224
-2.8660403533097014
-0.175035785502196
0.4562233805660224
-2.8660403533097014
-0.14319969679982916
0.6619904261690542
-2.860048087582846
0.17335296017335702
0.2322023534601538
-2.9444642255306483
-0.17881569156255886
0.46653517958881296
-2.9151720867490085
-0.5178129850054267
0.010743873825007634
-2.8969832164344926
-0.5178129850054267
0.010743873825007634
-2.8969832164344926
-0.06744790287712536
0.08683149805459027
-2.9892199865342417
-0.35499492769120616
-0.36007369708147363
-2.874280788320066
-0.35499492769120616
-0.36007369708147363
-2.874280788320066
-0.35499492769120616
-0.36007369708147363
-2.874280788320066
-0.6538780312652983
0.13798907357420093
-2.8631965843425946
-0.5173322545259575
0.01137776856748206
-2.8972250841303997
-0.5173322545259575
0.01137776856748206
-2.8972250841303997
-0.5173322545259575
0.01137776856748206
-2.8972250841303997
-0.6204351775261989
-0.23639657951135631
-2.8501194259649365
-0.5954958143931506
-0.38481105336278226
-2.8465310785747695
