-0.6059267421738308
0.10573024760576971
-1.128035662301905
-0.6059267421738308
0.10573024760576971
-1.128035662301905
-0.6062224245775538
0.11603814026363689
-1.1288772121422064
-0.6253753639953021
0.07373938354999611
-1.1143962003563537
-0.6198652542114022
0.08355270875769152
-1.1215188195270929
-0.5955420642622039
0.08762154573757447
-1.1518353985545986
-0.6002607394889568
0.08912819212893493
-1.1459422696145294
-0.6031837009099613
0.08844239853006679
-1.1498225969515536
-0.5902424839154463
0.08944017751426528
-1.159931839267439
-0.6080242068166605
0.08811775650764558
-1.1304500102923507
-0.5826792804817733
0.0856342626418969
-1.1767673370142802
-0.5663286999965108
0.1041139939953692
-1.2021268660104336
-0.6000498419639307
0.10453988928288209
-1.1590349115907397
-0.48888781880273424
0.11556099281736372
-1.2894132330772865
-0.5716155650620293
0.10507134366886198
-1.2060429157533916
-0.5933071368383565
0.11832979191254561
-1.2187756912199104
-0.6124946080114334
0.11416595076268103
-1.2018502768192603
-0.5600458187494387
0.10146622935485478
-1.2216974149137139
-0.5908643257317506
0.056002950823934736
-1.1976252303263633
-0.573252169083939
0.0769848797819939
-1.212152572969037
-0.5647292053200355
0.09485840223885307
-1.2290573630014092
-0.5650737124195941
0.06710115631025358
-1.2425631780116593
-0.5162159552730002
0.10875730133373404
-1.282941314957119
-0.5930229066487757
0.06229673168769403
-1.2122089987594151
-0.42866259613736757
0.16333353730828756
-1.3616698875202704
-0.5543885041644746
0.1308300810570778
-1.2526332409704335
-0.5610943758118937
0.08898365869695057
-1.2613449647055581
-0.5392205102912865
0.05413636410515669
-1.2798123853825936
-0.5434989491482514
0.0796024983097554
-1.2793400995273279
-0.531740633869388
0.07022180089022473
-1.2951556045308583
-0.514675882864816
0.09588388506561889
-1.309578932054033
-0.5395483934317713
0.08119286532147212
-1.289832270188585
-0.5333213393415281
0.09862014065071682
-1.3011420112747345
-0.35027796040818954
0.19204855629848047
-1.4312065718914564
-0.35027796040818954
0.19204855629848047
-1.4312065718914564
-0.43291982918693817
0.16000562646538624
-1.3890457353022556
-0.5041709715210305
0.09574300157801377
-1.3420703868918158
-0.5644707018679272
0.10294171524562269
-1.2917358080171002
-0.48620532454152204
0.08655626677424842
-1.3705241714176857
-0.5289249279355737
0.07764639382246825
-1.3319774012834247
-0.4974762658909749
0.09338916540566335
-1.3641664412815373
-0.6018114801380409
0.04601046565919227
-1.279566722714303
-0.5659460627091238
0.07260402577741865
-1.3044933668522223
-0.4891331473068624
0.12197633709484569
-1.3861679552502952
-0.551022384796816
0.10307643622560013
-1.3289944286137587
-0.5460038223563491
0.0694779864088239
-1.3520244135775854
-0.49462312716906554
0.10133274602464873
-1.397320111527764
-0.5619988212653555
0.1087659490436975
-1.3253137165725013
-0.5107052268247972
0.09745353508648393
-1.3765886994753829
-0.5495125064779031
0.08374460299049463
-1.3449387384234894
-0.5123712227430345
0.07286300089735653
-1.3954455662384102
-0.5440981428790147
0.10578333327671022
-1.3677456219310495
-0.545036389744203
0.07345547783143276
-1.3763432026680649
-0.5409269153602322
0.11187654611414143
-1.3842028776850774
-0.36775625801017797
0.181543933682372
-1.4997526762208642
-0.5567064831139257
0.07283406975840874
-1.3809303122250904
-0.4575993965588032
0.04987699793996554
-1.4559024096019733
-0.48034802097976137
0.10022029868560557
-1.443353451105853
-0.5801839544100644
0.05528904414681442
-1.3997568070555668
-0.39562940073929653
0.0831105928679162
-1.5152302515020966
-0.39562940073929653
0.0831105928679162
-1.5152302515020966
-0.5304161675066098
0.022064876055863814
-1.421504295301194
-0.5137573318822632
0.0752480467864001
-1.4304254757309216
-0.49684207629257077
0.056036148013605555
-1.4583650911900758
-0.4547641520926362
0.09100068005274521
-1.4869425293058463
-0.5690572526958187
0.06437620233195619
-1.4092372356961436
-0.5690572526958187
0.06437620233195619
-1.4092372356961436
-0.47499240817834837
0.11760318501236151
-1.4898222006636936
-0.5955257270286092
0.08463676216857939
-1.393729956764986
-0.4843133565958904
0.1405147047153854
-1.4942338694227861
-0.448714436376594
0.11870957716952796
-1.5294657548338166
-0.5955070572003355
0.10942950745051983
-1.4295937047805471
-0.47115268247575437
0.10577522018249738
-1.5022027927465604
-0.4834007900779881
0.04392377479228089
-1.519037806625492
-0.5203143033526244
0.07621522196468228
-1.4902600783663857
-0.5260786013816247
0.09619526655880715
-1.484931720621977
-0.45939174148787953
0.13897042627225667
-1.540712758429269
-0.579148477568931
0.0619841703883125
-1.4662005083840095
-0.516906746279582
0.06712415364964473
-1.501408755866173
-0.5375641665182448
0.03244195672088343
-1.49900935525715
-0.4510364310340587
0.04345588837344076
-1.572863242898297
-0.4925844251405786
0.05060875859777242
-1.5316509173965338
-0.6179248382282257
0.03545961141991388
-1.4398031357113865
-0.5395551967678867
0.08311908500168924
-1.5174116283450272
-0.5386006744584325
0.08452105062304122
-1.5172429115260595
-0.45485602061813013
0.10276244650501079
-1.5734605284438186
-0.5307957585719468
0.1021869264359371
-1.5467931553151808
-0.5594060348582909
0.0911485316491582
-1.5210366872192018
-0.5225681257176172
0.05272351223519568
-1.5518973996538148
-0.5306619483760273
0.09544322538201881
-1.559752986312727
-0.5342990586673815
0.03139380422779593
-1.556662356183963
-0.49957083208582326
0.07041675983257281
-1.5783397951043419
-0.5353763165476861
0.028947525461136457
-1.5696532866266817
-0.5682593889526266
0.023695699550918575
-1.541820824921198
-0.5227962222975919
0.05276948295093632
-1.578196269239786
-0.544813374489432
0.0764345230455221
-1.5688435032928667
-0.5293849487572287
0.0559318415258766
-1.5814005189314606
-0.5252348529970352
0.052303401209498356
-1.5921824149739892
-0.5099379534447356
0.08336521527326649
-1.609925073355037
-0.5834839216284123
0.10557062707066364
-1.5487849590487395
-0.4990446946766714
0.02012329753454476
-1.6680050341531192
-0.5074369871363147
0.08548000218634358
-1.6233353064807152
-0.5709194620774596
0.0662500407376476
-1.56377655963666
-0.5627391416817821
0.048077550490022346
-1.5912872876523327
-0.5946491264815449
0.04541996936523588
-1.5631240481883824
-0.5239074392923667
0.05291887455557429
-1.6194471285549508
-0.582023918158091
0.07673041781573917
-1.5816729516121382
-0.47623319819779303
0.06292971268991354
-1.6746079517954227
-0.43007895812724023
0.1740157109700804
-1.695456614000531
-0.6047765015532983
0.06957533664274804
-1.58597289721779
-0.5325734277499012
0.09299971987872238
-1.6419416241130864
-0.4743225075102363
0.04981665732824581
-1.6891872107609167
-0.42389251956558166
0.14336251507587155
-1.7151786987790012
-0.6519444568443791
0.014953673474909788
-1.5778897703150196
-0.5291486079999821
0.015429910894196744
-1.681789077246649
-0.5881930615282194
0.03421712491640478
-1.6285007939377965
-0.6123968117852138
0.08037555360657721
-1.6134501507302463
-0.5249871609419097
0.1378964688527129
-1.6896866128086956
-0.5253046230837375
0.0558523699076998
-1.6903294690249397
-0.44381929256168406
0.12668012287711808
-1.7485514032087277
-0.5337135072180349
0.05728975358169004
-1.6958964200433064
-0.563989089794344
0.112028933286883
-1.6991128681428995
-0.4418701113194638
0.1291293102748029
-1.7477666843473896
-0.5262962215278023
-0.01451615467377229
-1.7256401392589702
-0.5567648778436687
-0.01786938443230834
-1.7055703270700038
-0.5931863145950675
0.008904837098496881
-1.6933189306821974
-0.5897444446240427
0.09552105952410114
-1.68976681828592
-0.5172971105039702
0.0891332974989386
-1.7895112263464794
-0.5752060936813931
0.05137077268438786
-1.7058557313896645
-0.49165048887318674
0.11298694123655163
-1.7508402539408905
-0.5131435818828332
0.0887273988300061
-1.7477982697828458
-0.5365832782534571
0.050572600616987845
-1.7440783259724126
-0.49435124778432554
0.11588494084710815
-1.7684133772915753
-0.4562910824507671
0.10990634924280814
-1.779324449339229
-0.558789835662848
0.03511886856930915
-1.7378227143302694
-0.48000080687649543
0.11956248938984704
-1.7896892507454467
-0.5468993323225638
0.1330663665122651
-1.7516439780262352
-0.5668559095881787
0.08706187547433301
-1.749321428927118
-0.36087646688243674
0.10374307509305863
-1.866525359069667
-0.47780001776387543
0.17979870048646096
-1.8004197592741893
-0.5180889939680963
0.13469246725984646
-1.7849615498552511
-0.41653871120233094
0.07378781466746624
-1.868403988430069
-0.6929860875617585
0.011175965648359511
-1.6736169022800653
-0.6929860875617585
0.011175965648359511
-1.6736169022800653
-0.669606139537903
0.005565711521182982
-1.707239271555369
-0.5700590963690152
0.0819634602576355
-1.7983200320292902
-0.5574962246175356
0.09224398544218769
-1.7919506292602363
-0.39959511188053387
0.0949038985337474
-1.8820901841716609
-0.5527014013224877
0.12051526335259913
-1.806112952255787
-0.5631118243686623
0.10663064351294742
-1.812640570424839
-0.6273325723622477
0.12923297074319642
-1.757566604867611
-0.5938135901562234
-0.006675844425456646
-1.7990797956768054
-0.6164073921549582
0.013899022391969952
-1.7694704339263045
-0.6164073921549582
0.013899022391969952
-1.7694704339263045
-0.7372608091460833
0.06405236857516358
-1.6809257045814598
-0.46589907608748676
0.22784172498679345
-1.8920838790091965
-0.5988300351245897
0.19549865040422768
-1.8081960640298704
-0.5988300351245897
0.19549865040422768
-1.8081960640298704
-0.5390681643109854
0.16808898236857445
-1.8626865816656346
-0.32576145424845326
0.2509106032576962
-1.9638923785130118
-0.5758282773613682
0.17938024550553433
-1.8481121565609144
-0.5205276220483096
0.1047461572345747
-1.8762741155518046
-0.45705496556921654
0.050082790727966994
-1.9500600046009327
-0.5215863641691022
0.0850817799715099
-1.8982718028561871
-0.6686928342377163
-0.018268877757039212
-1.8086511587401102
-0.49091881996060593
-0.008520025519544892
-1.920233836039867
-0.622236363389739
0.05167123285340465
-1.8461245146873664
-0.5627437076845445
0.05895213407853371
-1.8980102551078624
-0.5836978863526582
0.07893289499647106
-1.8938984603104487
-0.5658635019821802
0.11838358912903524
-1.9035735725969178
-0.6475666212437963
0.06620467387251214
-1.8938667743363937
-0.43549979419993845
0.09622062540123136
-1.9961433360962122
-0.6381326466997423
0.06293261288900172
-1.8728164879125628
-0.4188627618853407
0.15106262408820342
-2.0007457681713463
-0.7208168273423434
0.04625210812692178
-1.8319258253188313
-0.5053491032210178
0.0016817366873439505
-1.9607545432450761
-0.5053491032210178
0.0016817366873439505
-1.9607545432450761
-0.5696398411361654
0.1188168560454608
-1.945486895654836
-0.5042830929541499
0.14587526673410015
-2.007559904260263
-0.5947377739576395
0.08626402012048362
-1.9404211285287867
-0.427715411447599
0.1002446197439913
-2.018092045159795
-0.5589816849455211
0.03099879535209979
-1.9760631194941467
-0.5838811248033251
0.06720700088592466
-1.9553864465477548
-0.5840419861115125
-0.08897745529483891
-1.9533335822003945
-0.5010783264555704
-0.008647044509822198
-2.0040512143121427
-0.5487362420368415
0.03972754276718972
-1.9915000682278512
-0.5250949056132601
0.09779523561251961
-2.0043460820965002
-0.4622329374534409
0.06304736552083065
-2.0368641012110764
-0.604077310211499
0.0037240416669978844
-1.9747880928626944
-0.604077310211499
0.0037240416669978844
-1.9747880928626944
-0.4559458866977371
0.20249666418043322
-2.042290478454674
-0.39799598074581394
0.0761043647689581
-2.093375616659132
-0.509294305527273
0.2882070965506908
-2.0198606060661164
-0.49456676530811255
0.1387866780040272
-2.0541601416784148
-0.49456676530811255
0.1387866780040272
-2.0541601416784148
-0.5251640846979092
0.09922276528390774
-2.051189394059012
-0.611798043576023
0.08027850854556952
-2.0145624735586396
-0.5877501476585323
-0.0071206034601340295
-2.0281750726838284
-0.5544077549328366
0.052871640534740784
-2.0629792221199335
-0.29539916800714494
0.14655238073463936
-2.1551407411884322
-0.5484676751272428
0.1622032263665803
-2.0608385462719525
-0.5484676751272428
0.1622032263665803
-2.0608385462719525
-0.5027751066625235
0.1594372697537318
-2.0834444932479323
-0.5603447619419942
0.0334274701789302
-2.069406926923215
-0.6482400790075792
0.03817856852529139
-2.029372382616245
-0.47733587815294853
0.15760661614062818
-2.119758138661836
-0.40276218874657754
0.1462226477474955
-2.136849126361502
-0.6031369330169377
0.08789605326826436
-2.053433165814392
-0.5229879841436407
0.10091517148816743
-2.100256478183989
-0.4698496370572028
0.2495932776054641
-2.1431796291894383
-0.5513624477566752
0.04609711844972885
-2.112071256250093
-0.39644945194858816
0.20977428677843232
-2.1648382349208353
-0.5610511759104618
0.04021927100998628
-2.120264495061319
-0.4896539174227757
0.15444322139123254
-2.154182176199577
-0.7250911393803923
0.04427657019391652
-2.0545718324386724
-0.7155778211511379
0.01984590392206442
-2.045023094137349
-0.4393222848371063
0.11564319085177488
-2.2090470362314605
-0.5998667669598575
0.07502302056238899
-2.1215663906675326
-0.3250125450553748
0.04612588116160426
-2.278965346268723
-0.5225628078625021
0.07443204134443995
-2.1816882057721734
-0.6431241198372145
0.03857358745995584
-2.1384321639157977
-0.6431241198372145
0.03857358745995584
-2.1384321639157977
-0.7259819664855153
-0.17831923477683936
-2.040954609878366
-0.7259819664855153
-0.17831923477683936
-2.040954609878366
-0.47153191328796124
0.18582093656154786
-2.2253547922717303
-0.521388578832218
0.11563398099550497
-2.20651568721144
-0.5232393554282664
0.11258025127634855
-2.206793554776746
-0.5257861327441211
0.11332570443567472
-2.2355437223635426
-0.3430104137694142
0.021872596294099492
-2.292199085745707
-0.6218799888588704
-0.12657676805267637
-2.1791927262304585
-0.6226440624178341
0.09366848618240586
-2.182983407734339
-0.6307345429850949
0.06584024594358333
-2.2128224044118645
-0.2565113899529193
0.08324669653168086
-2.331223672896957
-0.5539832581146167
0.20903233847113686
-2.213432948950419
-0.6274035774054297
0.07931100178240955
-2.2108469343897896
-0.7146771259023336
-0.012743250608433771
-2.187917419881373
-0.7098329059906556
0.07925070003663694
-2.157339573448375
-0.4401234037286707
0.28301944903970805
-2.2720144963133957
-0.5585301832552437
0.20744068935161922
-2.2433418048588094
-0.6732688643925524
0.16754153893325102
-2.214710324380856
-0.5132536634038308
0.06605742160453927
-2.2887214933311513
-0.5549527077928568
0.19742175046196223
-2.2448447365616793
-0.5688302036079761
0.02403559514708564
-2.27820397003118
-0.6278442557338167
0.06710351304516343
-2.2107859200561624
-0.4885297339439904
0.1492197305429993
-2.2993602866698133
-0.7646913049294835
0.08966052632212908
-2.1666791420596248
-0.49052292624649146
0.03232539577915524
-2.324144260166486
-0.5687880146907747
0.207192379340018
-2.274431778871665
-0.4951390978068398
0.14748820817603556
-2.3316502078848726
-0.40638938316535295
0.12673266669574118
-2.351302468658992
-0.40638938316535295
0.12673266669574118
-2.351302468658992
-0.682096285138615
-0.07768541190682113
-2.2451953366509927
-0.495578928578403
0.030133664766325688
-2.3564127812722284
-0.495578928578403
0.030133664766325688
-2.3564127812722284
-0.41292516823413816
0.12252913364086183
-2.3853441598330587
-0.5679378409962859
0.08038831139069708
-2.339250900305592
-0.6199707434781137
0.13137710878105505
-2.3081431841957123
-0.534626376775896
0.0773830222250603
-2.352309020902933
-0.5823237793696157
0.2058145995556445
-2.338594470107038
-0.3538015004401475
0.2687771220359625
-2.4257190210203077
-0.3538015004401475
0.2687771220359625
-2.4257190210203077
-0.6709437570578488
0.08098660313102993
-2.332608017998053
-0.5307849106707997
0.2010920677415037
-2.3692759702521764
-0.5343770854103762
-0.06093081735880676
-2.3888283768943084
-0.42170178660506524
0.1557032912674258
-2.416583537104068
-0.5768449000170854
0.06105409499547311
-2.3725376837289978
-0.5609215931637338
0.1023188236112177
-2.3939825945192017
-0.6247853749487469
0.1489758958929136
-2.338217237851085
-0.29558443571575643
0.003175411266389167
-2.5140338819171575
-0.663795904957242
0.07042711372099093
-2.354989398292279
-0.5180092207307262
0.2104534605941304
-2.4258830718983213
-0.6809677649934165
0.08863288054333737
-2.3650950642117574
-0.6345875714759885
0.16409466758439228
-2.3696954033658235
-0.2988213678936727
-0.01369201619341237
-2.513672261256826
-0.5847350981300317
0.21725286449706813
-2.3928246641746465
-0.5612882475622932
-0.04290319394546161
-2.4335624006333942
-0.5701008896937062
0.10872238676508889
-2.428225027849074
-0.6829069751422084
0.08336815912714723
-2.365224646325601
-0.6920792484437978
0.07539035760358673
-2.3983852944805046
-0.7875205122821589
0.233072871532819
-2.387549852464519
-0.632788396034619
0.018482678894680513
-2.419665620465144
-0.4608151216195343
0.13885816800317877
-2.501261672590689
-0.6911542501390863
0.17812838001422693
-2.4041831194495193
-0.5814314069816068
0.1053654419259483
-2.4640192368499507
-0.4325543149485635
0.15556693639529912
-2.5257431176650416
-0.581325874380261
0.09559847098348731
-2.4643535619116674
-0.7061478573942971
0.08572336876674955
-2.433086283951943
-0.6430231768753916
0.007619581040527281
-2.453809661593066
-0.6506382464684969
0.048566152629837385
-2.489486522421593
-0.585525962539109
0.10498349154095812
-2.464430616715355
-0.5192776143134964
0.2054952105378219
-2.5253105245823413
-0.8051199918790327
0.07594701341550758
-2.367813407965395
-0.5950673710763583
0.06759537421125122
-2.5035747835309303
-0.5440581699597177
0.22646260096444165
-2.4973947468284305
-0.44403414106789946
0.1503957068299271
-2.565773433679414
-0.48563176554830484
0.04686067190337354
-2.5508432250428235
-0.7238455037582391
-0.04564495864542908
-2.4719884576704865
-0.7238455037582391
-0.04564495864542908
-2.4719884576704865
-0.5933378353720763
-0.02963603644548637
-2.545978668727065
-0.42838151995829576
-0.05439203535464917
-2.577153852424739
-0.44856300121395254
0.1515671264492054
-2.605542962057152
-0.6069095313349782
0.10490477542109461
-2.5388351367343636
-0.4467316367098324
0.13800498344146286
-2.60685548493379
-0.6123404748366542
0.31797616743996776
-2.540358545591891
-0.2644009197752053
0.2914935893605242
-2.6462299723134937
-0.2644009197752053
0.2914935893605242
-2.6462299723134937
-0.2644009197752053
0.2914935893605242
-2.6462299723134937
-0.2644009197752053
0.2914935893605242
-2.6462299723134937
-0.6331806266949306
0.07097452435415702
-2.553014590136499
-0.6331806266949306
0.07097452435415702
-2.553014590136499
-0.7400650016364676
0.07423450154363427
-2.505829921731439
-0.7400650016364676
0.07423450154363427
-2.505829921731439
-0.45244761593985394
0.16719450158600416
-2.6447425170450356
-0.7561563653418162
0.21556549177338027
-2.5087408528245816
-0.6250673696508986
0.11212859885415795
-2.617135117020409
-0.6340490878584745
-0.07348888446973617
-2.59489238205644
-0.6250273571062333
0.10868144894344824
-2.6172601834547153
-0.45236596190433676
0.14821937240209712
-2.6470102460883482
-0.6831558666706863
0.010715466049827456
-2.5662920029240395
-0.5317730027608892
0.04790080535752268
-2.6403677731507367
-0.2976054397002131
-0.04250966459499895
-2.7167368848921174
-0.2976054397002131
-0.04250966459499895
-2.7167368848921174
-0.5681219761417444
0.1727839930400445
-2.663141986477781
-0.7520508494090574
0.07674435457213187
-2.5433110103963306
-0.6248249033337854
0.09139360525106112
-2.617839535866466
-0.8373915738584289
-0.09644295171497955
-2.5125629509310743
-0.8373915738584289
-0.09644295171497955
-2.5125629509310743
-0.8373915738584289
-0.09644295171497955
-2.5125629509310743
-0.76465363598931
0.07089108693732517
-2.581898284025129
-0.5498814130491999
0.3403285348918124
-2.701045185260768
-0.5363385519269659
0.33634262340495874
-2.6828292076065177
-0.8234098422429004
-0.02216282128224618
-2.5642190731034864
-0.8234098422429004
-0.02216282128224618
-2.5642190731034864
-0.705750372541524
-0.00677144335972908
-2.644832687723693
-0.705750372541524
-0.00677144335972908
-2.644832687723693
-0.5688593936780147
0.013577701072680474
-2.6957417951457523
-0.4607633632893746
0.14289794779493786
-2.778702379863199
-0.7828085570481418
0.07328713065746745
-2.6223414017024775
-0.7828085570481418
0.07328713065746745
-2.6223414017024775
-0.7828085570481418
0.07328713065746745
-2.6223414017024775
-0.9266710317990373
0.09460167436708004
-2.507712467325113
-0.9266710317990373
0.09460167436708004
-2.507712467325113
-0.5895267341807993
0.0020299242084483005
-2.7404001579087662
-0.5281557225544864
0.012047003543315421
-2.7576462759769864
-0.5281557225544864
0.012047003543315421
-2.7576462759769864
-0.5281557225544864
0.012047003543315421
-2.7576462759769864
-0.8201595716908485
0.08464972570002864
-2.6784077284446974
-0.7304687244594308
0.1494556255467548
-2.7024046184887607
-0.7196108012874269
0.2973980009951917
-2.7260940162965315
-0.7198926692225767
-0.01827535806868177
-2.7140789894405746
-0.7198926692225767
-0.01827535806868177
-2.7140789894405746
-0.8695286148113586
-0.017805455008394876
-2.6464996397721525
-0.8695286148113586
-0.017805455008394876
-2.6464996397721525
-0.8695286148113586
-0.017805455008394876
-2.6464996397721525
-0.8902320351143939
0.12245582134104029
-2.7073722119963564
-0.48031480639450036
0.1264547472067587
-2.876879237109566
-0.8890222593195296
-0.02270092066106894
-2.6883704774586823
-0.685055109834147
0.07866466377665496
-2.7934557280926007
-0.8153270917998641
0.08105912872166082
-2.666044106090136
-0.791890366963685
0.29182887901846977
-2.714874340232674
-0.791890366963685
0.29182887901846977
-2.714874340232674
-0.6893212751268045
0.08207891925867483
-2.793925676793637
-0.49254554024960645
0.10804555609736037
-2.8799734260933656
-0.6987454909905827
0.07821027509864278
-2.840725345851176
-0.5991483013026189
0.010849876798916497
-2.8655475473654732
-0.7709814873878271
0.1307199774145804
-2.7947360491970636
-0.861187734102899
0.08478026310622451
-2.797009142099644
-1.1063358442135334
-0.10728047188923714
-2.56027735881994
-1.1063358442135334
-0.10728047188923714
-2.56027735881994
-1.1063358442135334
-0.10728047188923714
-2.56027735881994
-1.1063358442135334
-0.10728047188923714
-2.56027735881994
-1.1063358442135334
-0.10728047188923714
-2.56027735881994
-1.1063358442135334
-0.10728047188923714
-2.56027735881994
-0.8680999369294876
0.053633091741527986
-2.79880100546245
-0.8856075003524034
0.08102798815254779
-2.845268640044865
-0.5146542668926977
0.09496960719581626
-2.9333935906267654
-0.42786677373633303
0.22605857040761682
-2.9789111939112405
-0.711126079415645
0.05187039116764145
-2.843089879142967
-0.6499742503272332
0.1477492248981917
-2.9533270679186128
-0.6499742503272332
0.1477492248981917
-2.9533270679186128
-0.21476533166721737
0.5408205269156532
-3.0632413242912793
-0.43203921001897616
0.34021417487733896
-3.0154136809585994
-0.7587690217982309
0.1915006949782831
-2.8706292491586454
-0.7587690217982309
0.1915006949782831
-2.8706292491586454
-0.7293770090535151
0.05465413496042443
-2.892624630881464
-0.7293770090535151
0.05465413496042443
-2.892624630881464
-0.7293770090535151
0.05465413496042443
-2.892624630881464
-0.7397258851961253
0.06532570854190764
-2.942422414934157
-0.772150958209563
0.19623517713792857
-2.920195679722503
-0.35012528693468414
-0.1713362826559573
-3.0563305544410535
-0.35012528693468414
-0.1713362826559573
-3.0563305544410535
-0.7502143995168766
-0.12447413727107337
-2.937064913540581
-0.7502143995168766
-0.12447413727107337
-2.937064913540581
-0.7502143995168766
-0.12447413727107337
-2.937064913540581
-0.7502143995168766
-0.12447413727107337
-2.937064913540581
-0.7502143995168766
-0.12447413727107337
-2.937064913540581
-0.6385447254957141
-0.08122791787336694
-3.017461183767689
-0.5197533028361602
0.10130588491582801
-3.038273446257657
-0.7576799574023992
-0.14665863674631482
-2.9856595870207125
-0.7576799574023992
-0.14665863674631482
-2.9856595870207125
-0.6693816108576717
-0.044845088090820065
-3.037191829913126
-0.23039324064478317
0.31109226945092266
-3.099369996443849
-0.5861276861558854
0.37153561909623173
-3.016996638340491
-0.5861276861558854
0.37153561909623173
-3.016996638340491
-0.5861276861558854
0.37153561909623173
-3.016996638340491
-0.9808844729436348
-0.03485585084698402
-2.872400482283216
-0.9808844729436348
-0.03485585084698402
-2.872400482283216
-0.9808844729436348
-0.03485585084698402
-2.872400482283216
-0.923336866743029
0.054840905268916426
-2.9452050614116088
-0.7469723366380688
0.3841914691621755
-3.0009698955099995
-0.650679190965145
-0.08312441833228378
-3.0728709719251315
-0.650679190965145
-0.08312441833228378
-3.0728709719251315
-0.7503995127348644
0.08418060149456723
-2.9937338542567224
-0.5083217294939208
0.3434146762451582
-3.1148879831299543
-0.5083217294939208
0.3434146762451582
-3.1148879831299543
-0.9430832260338561
-0.10973480576509072
-2.9937997029185044
-0.5391479856860216
-0.17021809609847122
-3.086050723211283
-0.4994047192362419
-0.21960029093460082
-3.121443482321563
