0.755294482747302
0.06744622331061055
-1.691657421039604
0.755294482747302
0.06744622331061055
-1.691657421039604
0.755294482747302
0.06744622331061055
-1.691657421039604
0.8537705200811312
0.09659811738099999
-1.6093731977792627
0.8537705200811312
0.09659811738099999
-1.6093731977792627
0.8542795185268631
0.08941047343630487
-1.6303986547508098
0.7961122099949307
0.1049381124486526
-1.6730085831307524
0.7961122099949307
0.1049381124486526
-1.6730085831307524
0.9792507028469488
-0.010886455552868565
-1.5998816432308447
0.815529768308778
0.1243737183458981
-1.6492379076635013
0.7499101121735201
0.06218378193737146
-1.7728572899846933
0.6619819718847868
0.07649639116673403
-1.8394444383757271
0.8111555076455561
0.0938343711397351
-1.6730851763593486
0.6212961049568969
0.12783234821260853
-1.8571598180264335
0.751809023946368
0.12377275371453014
-1.7558967788274524
0.7786648027520152
0.0752267372555809
-1.717380578047325
0.7338455447173549
0.10309356054395329
-1.7981178458852907
0.6735118169962112
0.16896769413943707
-1.797483247597633
0.7538885172945943
0.0850396668573716
-1.7435278843320867
0.7816451634658439
0.0656822085980641
-1.778317035373001
0.7807173593527046
0.0786972873738509
-1.7221014711464133
0.7867414025381589
0.08012708813533787
-1.7285035947100247
0.718922747301398
0.05219061159664067
-1.8462398431390148
0.8349643095244415
0.05750821886665968
-1.7182350050700015
0.7348931647844459
0.019209312660984763
-1.8276613000193407
0.7527054196075116
0.09646014185964939
-1.7816731135851156
0.5825976975874867
0.039436930568115994
-1.9217619646193944
0.7438161579125863
0.09786350880720304
-1.807060171494996
0.8336270987671801
0.1388762315029814
-1.7380758032164705
0.7905038784458521
0.10626544523508301
-1.7502341849946927
0.6874320187322718
0.11945068268176232
-1.8640663756024474
0.7531774307867217
0.08278527430367102
-1.876630553075105
0.8203190332577733
0.11714539745280154
-1.7764610077429002
0.796447374932498
0.02881212305533875
-1.761432655170805
0.8199097459120774
0.053194800948184365
-1.758525059863406
0.7114907929206482
0.017937688962601193
-1.8927317949527573
0.6608457653241842
0.13417128674237883
-1.8784883030110624
0.5338430568295289
0.21472616806140093
-2.0178382857411865
0.6732190083355512
0.10470838529120652
-1.8887993344949914
0.5149394796293992
0.23845072203001594
-2.0298256656221523
0.7784022759125421
0.05842272182678439
-1.815275725845947
0.7637421542437454
0.1135794674435519
-1.9081175308579013
0.7068041037701324
0.1298061977247626
-1.9260957915540442
0.9514901930789614
0.085221557016456
-1.7158348209885654
0.8150254280100143
0.08074622188418894
-1.8507549996191202
0.780393026951434
0.15064583785195773
-1.8216465816512768
0.5208979995256101
0.0674310982876881
-2.1760325024923053
0.5208979995256101
0.0674310982876881
-2.1760325024923053
0.5043763785682037
0.14950823351712972
-2.0906598776557725
0.7375717623760476
0.05142533048020766
-1.9170060789103613
0.7405458723066354
0.05478468294053377
-1.9027702536102873
0.7335061247292278
0.10606111322612255
-1.876170895371507
0.6815280470632972
0.1136794214164227
-1.9432905706339834
0.80165728006692
0.13331871200525852
-1.8572918697974943
0.7667411781383385
0.1516510443637859
-1.8683609927575655
0.8731266250340511
0.03528150432247702
-1.9187189661260768
0.5965226804453253
0.1941094580000151
-2.004226700720365
0.4739268218691938
0.16553021581554633
-2.1138345062082515
0.4739268218691938
0.16553021581554633
-2.1138345062082515
0.6764767856139117
0.12483834728458822
-1.9877676523575565
0.484686169598656
0.21193242071789137
-2.116023546614672
0.6223744191817397
0.14087744273086647
-2.0537582335057323
0.7302937905345409
0.06232212408320766
-1.946793026712478
0.702440184908287
0.10770904979343394
-1.9668664220873946
0.46435605411623315
0.08261438122860149
-2.2044289751769086
0.7049158056346743
0.10597033935790928
-1.9901103969065534
0.7216072896493725
0.07016698209874207
-1.9611084590517776
0.8021753032824535
0.09052391437862228
-1.9142318060360122
0.7730702554963066
0.06573163182669364
-1.9410334730587517
0.6906571618128852
0.03775054666689383
-2.0114678410051385
0.7227074866483127
-0.0015152962539381042
-2.001598652418223
0.7683358096372684
0.15978981005950074
-1.9674188212065928
0.8920267250394368
0.11267658830928237
-1.9229375504464117
0.6676772969260585
0.0905783688468414
-2.05120618261472
0.9580194286572994
0.07363561245594147
-1.9219414703892672
0.6845451737432255
0.053176365604263864
-2.0354424353738803
0.8701252108819301
0.0781948961912782
-1.9733684128716134
0.7519056038447118
0.10544079853751097
-1.9927828983486586
0.7311098676646606
0.14136146746861653
-2.0207652875293856
0.7481602071287441
0.10343476934531685
-1.992756070837456
0.7558414573206548
0.10639192172286197
-2.0004488910994387
0.7329200693825497
0.15454047954740716
-2.0592856235106423
0.7512872977685255
0.10766674859831644
-2.0157643290167595
0.5851592543857999
0.10752935832847814
-2.1215096109017884
0.7565948536683015
0.03632064643307423
-2.045842075626713
0.9762953421308362
-0.048969974865302204
-2.0127331018507055
0.7500091872070912
0.05028230230541209
-2.045188305217225
0.684511250670341
0.05774809703140518
-2.1096376103215992
0.6547464255569431
0.09273674641206456
-2.100317131045112
0.6789012724123218
0.20162816036533543
-2.20840111781909
0.6850500336661013
0.05174389906169364
-2.093351235627735
0.40240876762564914
0.16646258804240416
-2.2928179435733504
0.7477259156806977
0.15611137835155042
-2.1017053180161307
0.8012532099074997
0.0527943717247433
-2.037917652350731
0.6851454768715295
0.0688116504018822
-2.117873774554363
0.6590760611033637
0.09492365026828381
-2.1522190760081625
0.8425521964962878
0.12490272719454842
-2.010255942044673
0.7792485712025967
0.14253745946109445
-2.103819782398009
0.7558609851497909
0.11799321583996869
-2.1037328152469703
0.46674661298298276
0.16010478494099395
-2.3390214551645436
0.31711029813484304
0.45363843576685225
-2.35106563329501
0.3163780959411549
0.18741639196585627
-2.313523944752853
0.6330175432250676
0.06505159253408699
-2.2911026610647505
0.589708839047236
0.22014015716838553
-2.2080632357857564
0.5576743978991032
0.11473896232886892
-2.2491448177656355
0.5576743978991032
0.11473896232886892
-2.2491448177656355
0.8056410434921679
0.21468104990247944
-2.07921091057003
0.8157206977252438
0.13053854313503843
-2.1482014423481015
0.8157206977252438
0.13053854313503843
-2.1482014423481015
0.8157206977252438
0.13053854313503843
-2.1482014423481015
0.4479876698759588
0.1251682675561159
-2.340096790203633
0.6983689687815234
0.1354549675208272
-2.2157617481479615
0.729190879137769
0.06701379844007639
-2.2278064464753067
0.6640769383323734
0.09070793583494186
-2.2729738311195735
0.7269893038108681
0.1491729830376221
-2.1874232567128944
0.7943316217821268
0.1673715964826426
-2.1892549299990764
0.732909081516109
0.07228083187310098
-2.2362364135934083
0.7978328281321507
0.13317679855306264
-2.163660448264623
0.7978328281321507
0.13317679855306264
-2.163660448264623
0.732909081516109
0.07228083187310098
-2.2362364135934083
0.8145281872602185
0.13954845553597206
-2.200114119377374
0.8042754484703865
0.061420721655847416
-2.2089307363469
0.634959789556394
0.061737648874592814
-2.311835422545109
0.634959789556394
0.061737648874592814
-2.311835422545109
0.634959789556394
0.061737648874592814
-2.311835422545109
0.7767882961871028
0.08916787557141988
-2.2663961922353946
0.777210130224701
0.08018543098263987
-2.2473293083433883
0.547137644631213
0.19433163636448894
-2.3819589997702475
0.6684686752273065
0.1590715645491582
-2.3178955725337413
0.8191518179439656
0.04257449477278061
-2.2649981961580727
0.8191518179439656
0.04257449477278061
-2.2649981961580727
0.6392743781101952
0.047944908187403025
-2.3198634068170056
0.7420886273422084
0.03830119554575771
-2.323161585678177
0.856424321095005
0.1443431696045361
-2.307338938971588
0.856424321095005
0.1443431696045361
-2.307338938971588
0.856424321095005
0.1443431696045361
-2.307338938971588
0.7387560566367521
0.0407663679714874
-2.322679582279211
0.7387560566367521
0.0407663679714874
-2.322679582279211
0.7387560566367521
0.0407663679714874
-2.322679582279211
0.6085947551762309
0.09430214028579137
-2.4715589448410586
0.4013262866188276
0.3995880890367084
-2.5084868778330867
0.6342636587057344
0.051895076529194596
-2.3814536310883727
0.6237495079564476
0.05827162294943572
-2.4036683016485294
0.6237495079564476
0.05827162294943572
-2.4036683016485294
0.6237495079564476
0.05827162294943572
-2.4036683016485294
0.734424093545541
0.04717734694454039
-2.3522871257776057
0.734424093545541
0.04717734694454039
-2.3522871257776057
0.7853193015962027
0.0935526349026253
-2.3864192439709084
0.947498199741599
0.14018788189611442
-2.2660410910844266
0.6926974515390592
0.08230138448955819
-2.3954793288225518
0.6912120390184372
0.09067650273687738
-2.3948491484198042
0.5805831650441406
0.15783770169827505
-2.4884836366131124
0.6320427343633055
0.06247269985326931
-2.4470602515487716
0.7276399870372268
0.03553049375971703
-2.4051921937989227
0.792659630511937
0.08848147883030778
-2.397206784737316
0.6274707067460688
0.0320810873779456
-2.447290462575906
0.7825605220789096
0.08592683354745004
-2.364227436407401
1.107239638832642
0.0927385157826883
-2.2133352454928623
1.107239638832642
0.0927385157826883
-2.2133352454928623
0.8207463150845163
0.048174781830178384
-2.3517639976598246
0.7971960493143065
0.0888352661372678
-2.4297991410286155
0.6967574834933551
0.10420808450464579
-2.4954087659344495
0.723213961128426
0.04503690617523155
-2.436873452636963
0.723213961128426
0.04503690617523155
-2.436873452636963
0.38546317146281184
0.2302237621374484
-2.5651243028394783
0.781262171351246
0.08890743081873055
-2.3945175783981942
0.781262171351246
0.08890743081873055
-2.3945175783981942
0.781262171351246
0.08890743081873055
-2.3945175783981942
0.5832697578271406
0.2035775798850471
-2.684888660680195
0.5296310195674285
0.299020242951563
-2.5554214466645586
0.22123585846220553
0.6959863195827213
-2.5892349295046753
0.39475491916243627
0.24627844762915338
-2.64717251569265
0.39475491916243627
0.24627844762915338
-2.64717251569265
0.39475491916243627
0.24627844762915338
-2.64717251569265
0.649288464338883
0.1962320654419318
-2.579455527634114
0.649288464338883
0.1962320654419318
-2.579455527634114
0.649288464338883
0.1962320654419318
-2.579455527634114
0.51426888141958
0.1715901997987355
-2.6164155265428946
0.7171804074752116
0.034667588915786196
-2.537787031017007
0.3508279150826659
0.3210592963265784
-2.6737353600245
0.11333410158800582
0.7816098943191634
-2.6225893146612487
0.11333410158800582
0.7816098943191634
-2.6225893146612487
0.11333410158800582
0.7816098943191634
-2.6225893146612487
0.11333410158800582
0.7816098943191634
-2.6225893146612487
0.11333410158800582
0.7816098943191634
-2.6225893146612487
0.49572886941242916
0.3736589983594173
-2.737876636060759
0.7744357174793838
0.11766591406494797
-2.548523006959835
0.8922785009241984
0.1681641623375515
-2.654871299170231
0.8922785009241984
0.1681641623375515
-2.654871299170231
0.6424293632167799
0.14256977064711068
-2.6189153705347556
0.7831510062482341
0.09492964338137616
-2.560923476607192
0.7007102144243319
0.0432387448551376
-2.6079940096410157
0.7007102144243319
0.0432387448551376
-2.6079940096410157
1.0015149541423998
0.0842330619163232
-2.524870902101973
0.6509028395087422
0.10623553384144062
-2.632103876034533
0.7729366594993896
0.08418702954986186
-2.5585268999225583
0.7729366594993896
0.08418702954986186
-2.5585268999225583
0.774288041165695
0.08759083424550936
-2.59521038491309
0.5339515651209374
0.3949218777899239
-2.8015315429383993
0.7045608072668567
0.1632160976685103
-2.6280047669740623
0.7568070986181265
-0.039553167642237055
-2.6218821835082387
0.8925162442667572
0.0860002144904802
-2.594538439658403
0.8326216254859015
0.02178143336314446
-2.616814011467549
1.1357399657729041
0.09608480504984923
-2.4947684856768313
1.1357399657729041
0.09608480504984923
-2.4947684856768313
0.7231390192836078
0.15948129595058738
-2.653344984301655
0.6208357514658015
0.08868196205162689
-2.708315665239662
0.879322808902358
0.0628051330786821
-2.592089085642703
0.879322808902358
0.0628051330786821
-2.592089085642703
0.8973501759160423
0.08212036949384224
-2.6978358468578243
0.8973501759160423
0.08212036949384224
-2.6978358468578243
0.9815546326943873
0.01960917249598044
-2.737227111382382
1.1142609441577236
-0.047615258214033174
-2.613242419280148
1.1142609441577236
-0.047615258214033174
-2.613242419280148
1.1142609441577236
-0.047615258214033174
-2.613242419280148
1.1142609441577236
-0.047615258214033174
-2.613242419280148
1.1142609441577236
-0.047615258214033174
-2.613242419280148
0.8966810785999879
0.2080125144561221
-2.622410463409814
0.8966810785999879
0.2080125144561221
-2.622410463409814
0.8966810785999879
0.2080125144561221
-2.622410463409814
0.8966810785999879
0.2080125144561221
-2.622410463409814
0.8966810785999879
0.2080125144561221
-2.622410463409814
0.8966810785999879
0.2080125144561221
-2.622410463409814
0.8966810785999879
0.2080125144561221
-2.622410463409814
0.5622221704042889
0.12474036079236006
-2.8300877463450873
0.6447606229532625
0.035523553442169384
-2.8632984552826053
1.0851133112245526
0.12919803200251595
-2.721026392656817
0.998570484311971
0.08273903367506759
-2.6785564894992553
0.6446436680162291
0.21247116112768444
-2.871495480582692
0.28968719806282406
0.26227521993645436
-2.9387463815498442
0.28968719806282406
0.26227521993645436
-2.9387463815498442
0.6960940303015298
0.12127129256807243
-2.817017837775953
0.7187813418904309
0.09899366064635601
-2.8341186601559794
0.7187813418904309
0.09899366064635601
-2.8341186601559794
0.45251359479629977
0.5017476145059793
-2.9020784938293684
0.6889371569561777
0.13892254413457406
-2.8620975953597347
0.6889371569561777
0.13892254413457406
-2.8620975953597347
0.6889371569561777
0.13892254413457406
-2.8620975953597347
0.6506369768885941
0.23134024782540488
-2.982161689330057
0.15207204243335926
0.6858920684047769
-3.0164008178087767
0.15207204243335926
0.6858920684047769
-3.0164008178087767
0.15207204243335926
0.6858920684047769
-3.0164008178087767
0.15207204243335926
0.6858920684047769
-3.0164008178087767
0.15207204243335926
0.6858920684047769
-3.0164008178087767
0.15207204243335926
0.6858920684047769
-3.0164008178087767
0.15207204243335926
0.6858920684047769
-3.0164008178087767
0.15207204243335926
0.6858920684047769
-3.0164008178087767
0.15207204243335926
0.6858920684047769
-3.0164008178087767
0.15207204243335926
0.6858920684047769
-3.0164008178087767
0.15207204243335926
0.6858920684047769
-3.0164008178087767
0.15207204243335926
0.6858920684047769
-3.0164008178087767
0.42329280847224093
0.6113571171317576
-2.979515360098162
0.3470250418248398
0.5168600403925377
-3.027335316550976
0.2733865276544859
0.09074267868764253
-3.050513252544562
0.2733865276544859
0.09074267868764253
-3.050513252544562
0.2733865276544859
0.09074267868764253
-3.050513252544562
0.5955044838727535
0.2897690348437913
-2.983832514113572
0.3070957374483069
0.28643543172886626
-3.156397027575381
0.36548213328311224
-0.1854278028717625
-3.12758679649174
0.38948652689672975
0.0924624443345681
-3.1104522945293964
0.38948652689672975
0.0924624443345681
-3.1104522945293964
0.6748551573962617
0.011960453000028681
-3.060379465412077
0.2540893203994107
0.3101562532355611
-3.1473989663759916
0.7696198739074857
0.08677741795100403
-2.977411113838455
0.7696198739074857
0.08677741795100403
-2.977411113838455
0.5418031363887746
0.13190203661642325
-3.077435885635058
