0.021468349837404546
0.11630271005805312
-0.8459341719373379
0.021468349837404546
0.11630271005805312
-0.8459341719373379
0.021468349837404546
0.11630271005805312
-0.8459341719373379
0.03328865410749604
0.13626532177459139
-0.8430314359621597
0.03328865410749604
0.13626532177459139
-0.8430314359621597
0.03737936648243202
0.08917593135743951
-0.8500582276239111
0.021515792381048622
0.11731493641890642
-0.8458860491884413
0.021515792381048622
0.11731493641890642
-0.8458860491884413
0.04809859351373974
0.09716704378879921
-0.8448323379824351
0.010823613985528105
0.087278632626036
-0.8471044644040691
0.011925303906974275
0.12999911715779444
-0.844474471561697
0.019362136173123327
0.11064604730085056
-0.8461962805318788
0.03084397188196925
0.10597837987656028
-0.849720938506149
0.019337738194087194
0.09322224907282127
-0.8546925547605504
0.034358361488147256
0.1215543901452632
-0.8483429445067148
0.022408528830830714
0.13477200715700213
-0.8514086917705035
0.0244438726829725
0.10864137947451077
-0.8591186705978947
0.02612933855542498
0.11778176591686484
-0.8573727861624957
0.04413925812829871
0.04437611846304142
-0.8787875155970297
0.006606379262583641
0.1449955871744359
-0.8681567280972013
0.03584355621933007
0.1504639758488332
-0.8658906492723498
0.02135559433701776
0.13952340003015537
-0.8682469328900071
-0.011332676934260991
0.1623888205041712
-0.8789969339965482
0.02066116109693246
0.11191465695732562
-0.8809259138570833
0.06343326849129254
0.046966241596559176
-0.9056839722837733
0.05764117886983705
0.08873988334681225
-0.8919348283782254
0.010966882611740262
0.17200696758937287
-0.8905486089535122
0.07902342877688236
0.04394538311536383
-0.9021420426265812
0.06201390153219551
0.10358011103627059
-0.9058710437262454
0.12183640571574893
0.06738491052729448
-0.9056663334678408
0.04493464924080899
0.12818446785101187
-0.9106797844349807
0.15598082136381153
0.055822144548362346
-0.9201681555421353
0.14858614275326582
0.053383526209848174
-0.9132795269762738
0.028623827099863438
0.13212313444867488
-0.9258022861675705
0.03447284172029195
0.11291766997166987
-0.9320952212945612
-0.0014914294679810374
0.09386360831692388
-0.9387501219416862
0.028559998604469495
0.13576132800169532
-0.9408842113245386
-0.005817416156366892
0.13460279923665608
-0.9408134572890333
0.13895019197714711
0.0078021929901882885
-0.9401464456931128
0.02537191666559941
0.15826752080108428
-0.9542831834331642
0.12847337374114293
0.09125225437462722
-0.9399868119818506
0.11736999738277926
0.08664462088996157
-0.9558608617323029
0.05052870939415845
0.14029402154109238
-0.970412792813679
-0.0012561609314683598
0.011091387967483957
-0.9875028552370234
0.029495816136690254
0.10001646959992287
-0.9747667261640469
0.04311897968014652
0.08712279427181191
-0.9857585500555294
0.0352324860534649
0.1273279949827993
-0.9885495593637219
-0.011536906372400258
0.16614027903082249
-0.9910990595820117
0.04177980408273143
-0.0008140919538819759
-1.0163237161395045
0.048729351818535264
0.11671411046918116
-1.0114127390773935
0.020831841657658303
0.21064868974678302
-1.0029532553281943
0.01456952661855408
0.10689428299918523
-1.0153319690018678
0.030279562179537974
0.1125338415534916
-1.0150696320227892
0.008823716339724001
0.12073008242007771
-1.0202845287763942
0.044337965676889295
0.08543229547594196
-1.025933468225129
0.01744918842361186
0.20826917513632884
-1.036707629973481
-0.008523443420289302
0.05618624304612591
-1.047328994050329
0.06802029742721366
0.048257284310323716
-1.041903143889764
0.06802029742721366
0.048257284310323716
-1.041903143889764
0.029233801284956888
0.18349593320480745
-1.04322612596066
0.07207495267813036
0.031092104655884353
-1.0527891689504363
0.09826664074636147
0.015000538156885013
-1.0644391820853965
0.09826664074636147
0.015000538156885013
-1.0644391820853965
-0.0778551520531757
0.04880745311353697
-1.0638927042796014
0.030251251833750666
0.07207800444910217
-1.0717016976864264
0.07708978566000953
0.1009879757215061
-1.0821326812689644
0.0068319344257327524
0.07905180560372627
-1.0870617097884594
-0.030443654991472658
0.0628689656798774
-1.0857107231101508
-0.030443654991472658
0.0628689656798774
-1.0857107231101508
0.02813873435170856
0.08986082184637569
-1.0944704923012456
-0.14831482629998513
-0.024563385284294137
-1.0945578599919024
-0.14831482629998513
-0.024563385284294137
-1.0945578599919024
-0.14831482629998513
-0.024563385284294137
-1.0945578599919024
-0.048958927785213935
0.021836070166175354
-1.1172469148271098
0.024256924701694913
0.14624527280295924
-1.1120532020490421
0.08724770988348285
0.17342064310113484
-1.1088621173576236
0.058853048499625804
0.20842129036884377
-1.1125396988730398
0.0015157894794637994
0.18109917899732259
-1.1442334214493375
0.11413671385744746
0.1340451836006276
-1.1352416342272789
0.11413671385744746
0.1340451836006276
-1.1352416342272789
0.034404902145039815
0.23099605084506544
-1.1398789417616109
-0.02107644521318712
0.11275809244575093
-1.1508956306106675
0.02555968468793199
0.1801615740028888
-1.145852234381748
0.0596451552175342
0.0819716408115627
-1.15701783619437
-0.013593574638913655
0.09566170331099268
-1.161438813533843
0.1895436334512928
0.08581132926478952
-1.1579312970532474
0.1895436334512928
0.08581132926478952
-1.1579312970532474
0.07332293855995071
0.19440199270350866
-1.168305861531548
0.006579400632032021
0.2068303895474838
-1.1779971698249114
0.006579400632032021
0.2068303895474838
-1.1779971698249114
0.043426390793238984
0.2661012682753915
-1.1712181669666648
-0.06007172806292951
0.12845628609183263
-1.1986429792709274
0.11827226939161811
-0.06086663394988239
-1.2100793790589972
-0.007729629956964537
0.14042144457076652
-1.2176196786417826
0.13403554308379304
0.19525470419608118
-1.1968716348872213
0.1734620495166239
0.11851683712358353
-1.19107696564914
0.16778080951113336
0.07244726608583045
-1.2022729755978747
0.006898514125454313
0.20802444208441592
-1.2207454230085713
-0.03966421728032867
0.14867415682033674
-1.2351964182459094
-0.03966421728032867
0.14867415682033674
-1.2351964182459094
-0.009395397495984698
0.14093899673445764
-1.2534954932582416
0.05862481635060332
0.1968826296959954
-1.2280981318759427
-0.02706382390225585
0.32642166887863683
-1.2147470561412197
-0.02706382390225585
0.32642166887863683
-1.2147470561412197
0.04792755287187471
0.12308710252493263
-1.2530726070202565
-0.028428724555124196
0.1491601890434488
-1.2593687113981542
0.03542249096842412
0.17207152006278517
-1.258911430445288
0.035158540439449014
0.17627499835548927
-1.2679707271884313
-0.07523199309666591
0.11494612615671447
-1.2687163388730276
-0.07523199309666591
0.11494612615671447
-1.2687163388730276
0.06910187428322247
0.21049937911033773
-1.2707539071701117
0.04171927219215646
0.008896142165506798
-1.2929550124738267
-0.07560952578344692
0.12406327508342721
-1.298926141683287
0.017436800849190293
0.17400381238158322
-1.2913244317109687
0.16101491429272585
0.08507683976404616
-1.2845868360435229
0.16101491429272585
0.08507683976404616
-1.2845868360435229
0.16066991936008487
-0.01403176182002858
-1.3094228122767089
0.16066991936008487
-0.01403176182002858
-1.3094228122767089
0.02009332815270864
0.20108756091031277
-1.308149879006407
0.11279355857526555
0.23493127476526388
-1.3110841514336222
0.14185273980615684
0.12154597094331833
-1.3276253582701179
0.019084791152298587
0.15636230261103304
-1.3331468519623675
-0.09058811850655628
0.11952571347823258
-1.3370942823920315
-0.00775590890604219
0.21014573606116457
-1.3246623619299769
-0.016601691231818764
0.3372697708421329
-1.3209154377677703
-0.016601691231818764
0.3372697708421329
-1.3209154377677703
-0.016601691231818764
0.3372697708421329
-1.3209154377677703
-0.016601691231818764
0.3372697708421329
-1.3209154377677703
0.05726689665645858
0.11646122341114652
-1.384186819971915
-0.14572697140715882
0.036445755002532214
-1.3556716064503436
0.07072070783635284
0.13790650105685232
-1.3688273925407997
0.26830770481573496
0.04215107875513824
-1.3410315841608091
0.26830770481573496
0.04215107875513824
-1.3410315841608091
0.26830770481573496
0.04215107875513824
-1.3410315841608091
0.26830770481573496
0.04215107875513824
-1.3410315841608091
0.26830770481573496
0.04215107875513824
-1.3410315841608091
0.26830770481573496
0.04215107875513824
-1.3410315841608091
0.26830770481573496
0.04215107875513824
-1.3410315841608091
0.26830770481573496
0.04215107875513824
-1.3410315841608091
0.26830770481573496
0.04215107875513824
-1.3410315841608091
0.26830770481573496
0.04215107875513824
-1.3410315841608091
0.26830770481573496
0.04215107875513824
-1.3410315841608091
0.26830770481573496
0.04215107875513824
-1.3410315841608091
0.26830770481573496
0.04215107875513824
-1.3410315841608091
0.15368147600189258
-0.007046614974125922
-1.463476478194374
0.011061603401367918
0.10316354269341481
-1.4575181665040917
0.055337706907108784
0.2615396048864827
-1.4317842244193764
0.1499731877838088
0.40388362900314034
-1.394484768824306
0.1499731877838088
0.40388362900314034
-1.394484768824306
0.03151182822735636
0.32414605500243665
-1.4815170951212973
0.0685092028003208
0.2111348694038812
-1.4505040460367045
0.026868640808186975
0.20745595519435586
-1.4620751529907903
0.020118126905890495
0.27978088791701694
-1.4511760250341736
0.020118126905890495
0.27978088791701694
-1.4511760250341736
0.020118126905890495
0.27978088791701694
-1.4511760250341736
0.03945622271487651
0.12948612846740779
-1.4814791921190147
-0.07958419188549128
0.09326925353028304
-1.493091438600904
0.043674513094444575
-0.009015968757968656
-1.5060777915922012
0.00647898398550718
0.2523395109051045
-1.495092883845667
0.00647898398550718
0.2523395109051045
-1.495092883845667
0.00647898398550718
0.2523395109051045
-1.495092883845667
0.0018003339290644535
0.359951166479555
-1.478770167598823
0.0018003339290644535
0.359951166479555
-1.478770167598823
-0.026731040626414307
0.13449674503712195
-1.537176316665657
0.16669724817872428
-0.024321757132041894
-1.5119273736347159
0.16669724817872428
-0.024321757132041894
-1.5119273736347159
0.16669724817872428
-0.024321757132041894
-1.5119273736347159
0.16669724817872428
-0.024321757132041894
-1.5119273736347159
0.16669724817872428
-0.024321757132041894
-1.5119273736347159
-0.03842490192197461
0.18372812620129408
-1.5613803800140513
-0.03842490192197461
0.18372812620129408
-1.5613803800140513
0.009617875402398423
0.3584401236801194
-1.5153331697175114
0.009617875402398423
0.3584401236801194
-1.5153331697175114
0.009617875402398423
0.3584401236801194
-1.5153331697175114
-0.04665597635074993
0.14139172493143695
-1.5640269586317606
-0.004241450053727364
0.2659221345875693
-1.5624495072152405
-0.10954930585841095
-0.00020399616502365107
-1.5905414058102636
-0.054272552782540215
0.14026666458807213
-1.5779575915941169
-0.1523906022275538
0.10426288293292067
-1.5910296836673417
0.0696366415399864
0.3164738923444061
-1.564814001949441
0.27473573545687
0.10420128303049343
-1.549971917443541
0.20012205131430688
0.17101639558455
-1.5776086594321157
0.20012205131430688
0.17101639558455
-1.5776086594321157
0.20012205131430688
0.17101639558455
-1.5776086594321157
-0.06224560763097184
0.32173807664395865
-1.5950719242694387
0.04627229176255533
0.35605114375393865
-1.5897806331411495
-0.0017849621097845807
0.1782645132623309
-1.6342897362543587
-0.0017849621097845807
0.1782645132623309
-1.6342897362543587
0.08582557210426137
-0.05298643023270091
-1.6480445704040576
0.11842012385751623
0.037238609619067956
-1.6616042137746514
0.11842012385751623
0.037238609619067956
-1.6616042137746514
0.11842012385751623
0.037238609619067956
-1.6616042137746514
0.0954904646085694
0.14403789799276012
-1.6671760842591272
0.21077611472942737
0.08775361963873453
-1.648886457717666
-0.0017641482599853196
0.11364352648254204
-1.6706172036632474
0.08385456969843211
-0.07575658741129151
-1.6748331007003887
0.034932499074915434
-0.3702722674698187
-1.6611754525320008
0.034932499074915434
-0.3702722674698187
-1.6611754525320008
0.2314997997708492
-0.11243365063502003
-1.680323562114206
0.018072437203003413
-0.32712317266951385
-1.6703224427517591
0.018072437203003413
-0.32712317266951385
-1.6703224427517591
0.018072437203003413
-0.32712317266951385
-1.6703224427517591
-0.02331941163189226
-0.30116328194229924
-1.7233119222698488
-0.02331941163189226
-0.30116328194229924
-1.7233119222698488
-0.02331941163189226
-0.30116328194229924
-1.7233119222698488
-0.23379586775919023
-0.10860950022407496
-1.7108907561763615
0.044104499915836565
-0.29707111771829253
-1.7092529024837457
0.044104499915836565
-0.29707111771829253
-1.7092529024837457
0.044104499915836565
-0.29707111771829253
-1.7092529024837457
0.044104499915836565
-0.29707111771829253
-1.7092529024837457
0.044104499915836565
-0.29707111771829253
-1.7092529024837457
0.044104499915836565
-0.29707111771829253
-1.7092529024837457
0.044104499915836565
-0.29707111771829253
-1.7092529024837457
-0.11892311955446722
-0.08683524033613081
-1.7760317030809738
-0.10647120262193568
-0.07604511007094968
-1.8012904147215876
-0.00613325837753146
0.1800157225023171
-1.77089657778272
-0.01060144635733938
0.17393114575658486
-1.771545460883344
0.09559211000527282
0.140072555961506
-1.772676865093867
0.09076031206782617
-0.10112691957288644
-1.7820282365636364
0.09076031206782617
-0.10112691957288644
-1.7820282365636364
0.017100748229752563
-0.4088091097642373
-1.763295856315606
0.017100748229752563
-0.4088091097642373
-1.763295856315606
0.017100748229752563
-0.4088091097642373
-1.763295856315606
0.017100748229752563
-0.4088091097642373
-1.763295856315606
0.017100748229752563
-0.4088091097642373
-1.763295856315606
-0.03363529863072045
-0.4129897462591621
-1.781033262937145
0.09529064305628335
-0.37923005162622664
-1.815606346153733
-0.024865466298828312
-0.5069240289970706
-1.7994298358770844
-0.024865466298828312
-0.5069240289970706
-1.7994298358770844
-0.024865466298828312
-0.5069240289970706
-1.7994298358770844
-0.024865466298828312
-0.5069240289970706
-1.7994298358770844
-0.024865466298828312
-0.5069240289970706
-1.7994298358770844
-0.024865466298828312
-0.5069240289970706
-1.7994298358770844
-0.024865466298828312
-0.5069240289970706
-1.7994298358770844
-0.024865466298828312
-0.5069240289970706
-1.7994298358770844
-0.024865466298828312
-0.5069240289970706
-1.7994298358770844
-0.024865466298828312
-0.5069240289970706
-1.7994298358770844
-0.024865466298828312
-0.5069240289970706
-1.7994298358770844
-0.024865466298828312
-0.5069240289970706
-1.7994298358770844
0.11424804198758928
-0.4107871817386371
-1.8594811217674845
0.11424804198758928
-0.4107871817386371
-1.8594811217674845
0.11424804198758928
-0.4107871817386371
-1.8594811217674845
0.11424804198758928
-0.4107871817386371
-1.8594811217674845
0.11424804198758928
-0.4107871817386371
-1.8594811217674845
0.11424804198758928
-0.4107871817386371
-1.8594811217674845
0.02369012596931654
-0.49163348612534474
-1.869400460894821
0.02369012596931654
-0.49163348612534474
-1.869400460894821
0.02369012596931654
-0.49163348612534474
-1.869400460894821
0.02369012596931654
-0.49163348612534474
-1.869400460894821
0.02369012596931654
-0.49163348612534474
-1.869400460894821
0.02369012596931654
-0.49163348612534474
-1.869400460894821
0.02369012596931654
-0.49163348612534474
-1.869400460894821
0.02369012596931654
-0.49163348612534474
-1.869400460894821
0.02369012596931654
-0.49163348612534474
-1.869400460894821
0.02369012596931654
-0.49163348612534474
-1.869400460894821
0.02369012596931654
-0.49163348612534474
-1.869400460894821
0.02369012596931654
-0.49163348612534474
-1.869400460894821
0.02369012596931654
-0.49163348612534474
-1.869400460894821
-0.04518332781694194
-0.393414064891311
-2.0332901759061994
-0.04518332781694194
-0.393414064891311
-2.0332901759061994
-0.04518332781694194
-0.393414064891311
-2.0332901759061994
-0.04518332781694194
-0.393414064891311
-2.0332901759061994
-0.04518332781694194
-0.393414064891311
-2.0332901759061994
-0.04518332781694194
-0.393414064891311
-2.0332901759061994
-0.04518332781694194
-0.393414064891311
-2.0332901759061994
-0.04518332781694194
-0.393414064891311
-2.0332901759061994
-0.04518332781694194
-0.393414064891311
-2.0332901759061994
-0.04518332781694194
-0.393414064891311
-2.0332901759061994
-0.04518332781694194
-0.393414064891311
-2.0332901759061994
-0.04518332781694194
-0.393414064891311
-2.0332901759061994
-0.04518332781694194
-0.393414064891311
-2.0332901759061994
0.16786565881114562
-0.37702722464688154
-2.0510214816141237
0.16786565881114562
-0.37702722464688154
-2.0510214816141237
0.06160530729331839
-0.5226365279092963
-2.0307087005033675
0.06160530729331839
-0.5226365279092963
-2.0307087005033675
0.06160530729331839
-0.5226365279092963
-2.0307087005033675
0.06160530729331839
-0.5226365279092963
-2.0307087005033675
0.06160530729331839
-0.5226365279092963
-2.0307087005033675
0.06160530729331839
-0.5226365279092963
-2.0307087005033675
0.06160530729331839
-0.5226365279092963
-2.0307087005033675
0.06160530729331839
-0.5226365279092963
-2.0307087005033675
0.06160530729331839
-0.5226365279092963
-2.0307087005033675
0.1013587400437834
-0.2898188679350075
-2.123801415286791
0.1013587400437834
-0.2898188679350075
-2.123801415286791
0.1013587400437834
-0.2898188679350075
-2.123801415286791
0.1013587400437834
-0.2898188679350075
-2.123801415286791
0.1013587400437834
-0.2898188679350075
-2.123801415286791
0.1013587400437834
-0.2898188679350075
-2.123801415286791
0.1013587400437834
-0.2898188679350075
-2.123801415286791
0.1013587400437834
-0.2898188679350075
-2.123801415286791
0.1013587400437834
-0.2898188679350075
-2.123801415286791
0.1013587400437834
-0.2898188679350075
-2.123801415286791
0.14559532121672725
-0.2492230863816823
-2.1693356888662305
0.14559532121672725
-0.2492230863816823
-2.1693356888662305
0.14559532121672725
-0.2492230863816823
-2.1693356888662305
0.14559532121672725
-0.2492230863816823
-2.1693356888662305
-0.13327547447855415
-0.22076965690603473
-2.1741257267941068
-0.13327547447855415
-0.22076965690603473
-2.1741257267941068
-0.13327547447855415
-0.22076965690603473
-2.1741257267941068
-0.13327547447855415
-0.22076965690603473
-2.1741257267941068
-0.13327547447855415
-0.22076965690603473
-2.1741257267941068
-0.13327547447855415
-0.22076965690603473
-2.1741257267941068
-0.13327547447855415
-0.22076965690603473
-2.1741257267941068
-0.0454575920136151
0.12092407199521855
-2.2415520287842225
-0.044599625094593996
0.11807265999806499
-2.271490276589712
-0.044599625094593996
0.11807265999806499
-2.271490276589712
-0.3243261432281294
0.024058669017972455
-2.257104447063137
-0.3243261432281294
0.024058669017972455
-2.257104447063137
-0.2395439541230091
0.18557305150255482
-2.223573810391733
0.0152841221193181
0.40103902563387156
-2.2540705280368933
0.0152841221193181
0.40103902563387156
-2.2540705280368933
0.0152841221193181
0.40103902563387156
-2.2540705280368933
-0.04671090194498761
0.10549465599648059
-2.3024298679604254
0.07918686077133971
0.46068793001858965
-2.2594098491536543
-0.2615563098050171
0.18326606604509646
-2.3126841147764954
-0.2615563098050171
0.18326606604509646
-2.3126841147764954
-0.25414895186762476
0.18656155522981993
-2.282261659810841
-0.25414895186762476
0.18656155522981993
-2.282261659810841
-0.02261287434364307
0.3265662754128329
-2.295350614764598
-0.11315707579042752
0.6514210375641977
-2.2085659670072557
-0.0669794717115239
0.6226017776509833
-2.2674352069913066
-0.0669794717115239
0.6226017776509833
-2.2674352069913066
-0.0669794717115239
0.6226017776509833
-2.2674352069913066
-0.0669794717115239
0.6226017776509833
-2.2674352069913066
-0.0669794717115239
0.6226017776509833
-2.2674352069913066
-0.0669794717115239
0.6226017776509833
-2.2674352069913066
0.08974531952578858
0.4229745491051082
-2.371999289152762
0.08974531952578858
0.4229745491051082
-2.371999289152762
0.08974531952578858
0.4229745491051082
-2.371999289152762
0.08974531952578858
0.4229745491051082
-2.371999289152762
0.08974531952578858
0.4229745491051082
-2.371999289152762
0.08974531952578858
0.4229745491051082
-2.371999289152762
-0.270251103749658
0.1951533525123444
-2.377801953557382
-0.3862693064049049
0.43689596722508733
-2.330048811204995
-0.4476764022329418
0.5397788607332014
-2.3649903374916734
-0.3416152311737032
0.5620138097122003
-2.3824782416180885
-0.008804464033172041
0.561329287246936
-2.338702748270495
-0.008804464033172041
0.561329287246936
-2.338702748270495
0.1230355180748735
0.6944107278407103
-2.2968874206211245
0.1230355180748735
0.6944107278407103
-2.2968874206211245
0.1230355180748735
0.6944107278407103
-2.2968874206211245
0.1230355180748735
0.6944107278407103
-2.2968874206211245
-0.010492515350456947
0.39498214720249764
-2.3717486981706575
-0.1459678263066448
0.6034389214165543
-2.390656076054478
-0.1459678263066448
0.6034389214165543
-2.390656076054478
-0.00508799979900432
0.8082502189212604
-2.301810475555452
-0.00508799979900432
0.8082502189212604
-2.301810475555452
-0.00508799979900432
0.8082502189212604
-2.301810475555452
-0.00508799979900432
0.8082502189212604
-2.301810475555452
-0.00508799979900432
0.8082502189212604
-2.301810475555452
-0.007927997166476122
0.4291145862741902
-2.473419767076327
-0.007927997166476122
0.4291145862741902
-2.473419767076327
-0.028140425990415698
0.13014637660576536
-2.5049933400533697
0.11202654856868492
0.22879545521959105
-2.472275322996062
0.514507163820887
0.11330685099496014
-2.5341701626984983
0.28086599134461143
0.2002520410147833
-2.5614386259858337
0.28086599134461143
0.2002520410147833
-2.5614386259858337
0.28086599134461143
0.2002520410147833
-2.5614386259858337
0.057362960641318725
0.5488811427566344
-2.525067485116493
-0.0018900641000080657
0.7476550536331895
-2.4351762516710482
0.043371043267476345
0.8091784945009276
-2.414656795241061
0.027220539070970374
0.7506390258627371
-2.4342535116708555
0.07624526533399417
0.6904600539197597
-2.4504105228062345
0.07624526533399417
0.6904600539197597
-2.4504105228062345
-0.04851874093878034
0.830289597029534
-2.4483904572825037
-0.04851874093878034
0.830289597029534
-2.4483904572825037
-0.04851874093878034
0.830289597029534
-2.4483904572825037
-0.04851874093878034
0.830289597029534
-2.4483904572825037
0.029739614803630403
0.4722006286234505
-2.5187985103568806
-0.0010387776224585568
0.6260550795335973
-2.5087529641502084
-0.08566314129362637
0.5660501236666707
-2.4971834338324825
-0.08566314129362637
0.5660501236666707
-2.4971834338324825
-0.00012879185867745288
0.644839617113227
-2.54543264658517
-0.00012879185867745288
0.644839617113227
-2.54543264658517
-0.00012879185867745288
0.644839617113227
-2.54543264658517
0.0731943988287381
0.4508881953897504
-2.5853132560748433
0.4991992238673341
0.23869243433209036
-2.5775534571003478
0.4991992238673341
0.23869243433209036
-2.5775534571003478
0.4991992238673341
0.23869243433209036
-2.5775534571003478
0.4991992238673341
0.23869243433209036
-2.5775534571003478
0.4991992238673341
0.23869243433209036
-2.5775534571003478
0.4991992238673341
0.23869243433209036
-2.5775534571003478
0.08608937912230863
0.5956623036228353
-2.5718622977523142
0.08608937912230863
0.5956623036228353
-2.5718622977523142
0.33985844258704073
0.3671285240059829
-2.6153005403124734
0.0027525613226241047
0.4639270086344623
-2.6253389456686222
0.013324883440931747
0.11368713741251472
-2.661872465175791
-0.13224369118353638
0.4100594953847265
-2.644489962742527
0.015257806069175811
0.11751203180812393
-2.7040373116088277
0.42679111911825157
0.008098173842792407
-2.6348281994951352
0.42679111911825157
0.008098173842792407
-2.6348281994951352
0.42679111911825157
0.008098173842792407
-2.6348281994951352
0.42679111911825157
0.008098173842792407
-2.6348281994951352
0.42679111911825157
0.008098173842792407
-2.6348281994951352
0.42679111911825157
0.008098173842792407
-2.6348281994951352
0.42679111911825157
0.008098173842792407
-2.6348281994951352
0.02533720632148263
0.11341396458982067
-2.7041329092345148
0.027047731276932878
0.10188575759434074
-2.7479629616500714
0.39155611619593433
0.16631822517446643
-2.690264145700153
0.19922030397434978
0.5812933322913821
-2.740745812658962
-0.13711369522997152
0.42824394611984445
-2.729691869069127
-0.1336133301060076
0.43002249064910547
-2.730161628420957
-0.1336133301060076
0.43002249064910547
-2.730161628420957
-0.1336133301060076
0.43002249064910547
-2.730161628420957
-0.1336133301060076
0.43002249064910547
-2.730161628420957
-0.32673708393047224
0.4192454729410704
-2.7665595847665196
-0.6918569811761679
0.048588878062635954
-2.6867885338447555
-0.6918569811761679
0.048588878062635954
-2.6867885338447555
-0.6918569811761679
0.048588878062635954
-2.6867885338447555
-0.6918569811761679
0.048588878062635954
-2.6867885338447555
-0.6918569811761679
0.048588878062635954
-2.6867885338447555
-0.6918569811761679
0.048588878062635954
-2.6867885338447555
-0.4034798774954721
-0.16098037740350812
-2.73389495906677
-0.4034798774954721
-0.16098037740350812
-2.73389495906677
-0.4034798774954721
-0.16098037740350812
-2.73389495906677
-0.3467727952882922
0.21034745059283855
-2.811788740756244
-0.22047690650168755
0.5672348465953281
-2.8188801210397707
-0.22047690650168755
0.5672348465953281
-2.8188801210397707
-0.13909647546652656
0.8901303815900898
-2.6953122977372264
-0.13909647546652656
0.8901303815900898
-2.6953122977372264
-0.02605010761265312
0.7339391178786325
-2.799018470145608
-0.02605010761265312
0.7339391178786325
-2.799018470145608
-0.0710445298071304
0.8316624259210067
-2.7420262645583326
0.012199322355721905
0.7178778359726838
-2.7536350274014625
0.012199322355721905
0.7178778359726838
-2.7536350274014625
0.012199322355721905
0.7178778359726838
-2.7536350274014625
0.11157265863486812
0.6604294379184745
-2.784555059135413
-0.08872708403162655
0.65742924422423
-2.7873655175168093
0.012835348535174986
0.733837400548894
-2.799851776437909
0.012835348535174986
0.733837400548894
-2.799851776437909
-0.025194415783483214
0.7330931946763545
-2.7997150308638488
-0.025194415783483214
0.7330931946763545
-2.7997150308638488
-0.025194415783483214
0.7330931946763545
-2.7997150308638488
0.408805045566321
0.40399740549405266
-2.830343748533933
0.408805045566321
0.40399740549405266
-2.830343748533933
0.5560747750094169
0.05095369625868565
-2.8610821789722545
0.3795784573744933
0.43961279348128873
-2.854252543691122
0.01893342209370759
0.5043399974145625
-2.8509431202892714
0.01893342209370759
0.5043399974145625
-2.8509431202892714
0.01893342209370759
0.5043399974145625
-2.8509431202892714
0.01893342209370759
0.5043399974145625
-2.8509431202892714
0.01893342209370759
0.5043399974145625
-2.8509431202892714
0.01970638510544988
0.5142828631397657
-2.900816321741762
0.01970638510544988
0.5142828631397657
-2.900816321741762
0.01970638510544988
0.5142828631397657
-2.900816321741762
0.01970638510544988
0.5142828631397657
-2.900816321741762
-0.14640481127596372
0.4449614347417471
-2.9257128958075356
-0.14640481127596372
0.4449614347417471
-2.9257128958075356
-0.14640481127596372
0.4449614347417471
-2.9257128958075356
-0.38639791551433317
0.4500716102250657
-3.017793778621953
