0.03294869409897672
0.2114506717917307
-0.9140687531516503
0.03294869409897672
0.2114506717917307
-0.9140687531516503
0.03294869409897672
0.2114506717917307
-0.9140687531516503
0.03294869409897672
0.2114506717917307
-0.9140687531516503
0.021416960144015677
0.09663097577032483
-0.9377060749620473
0.023712375104897314
0.2120403056826877
-0.9129647050594644
0.020663881236760984
0.16140125372460357
-0.9358913415641045
0.020663881236760984
0.16140125372460357
-0.9358913415641045
0.01519497108391898
0.10824185538744563
-0.9518818473106331
0.050612789923156584
0.06083802038877293
-0.9442928855543697
0.029924305932439287
0.0417016771149106
-0.9561695395611308
0.019529635974823392
0.19128087875677224
-0.9471329171071307
0.03997629099242933
0.07734275636531773
-0.9569680658160624
0.08417594000836147
0.0697094360547482
-0.9574067882859489
0.03355362182353742
0.22568711721952392
-0.9502852163071017
0.03449648927842446
0.08864215999475361
-0.9738248981684404
0.03449648927842446
0.08864215999475361
-0.9738248981684404
0.09326297930587008
0.04765630331090298
-0.9750489971217192
0.09326297930587008
0.04765630331090298
-0.9750489971217192
0.022032584857339887
0.22565989222092364
-0.974287565548829
0.022032584857339887
0.22565989222092364
-0.974287565548829
0.010585049846219054
0.10858256747867706
-0.9973453146189599
0.1417813502751523
0.03925913986469248
-0.9867332139260886
0.1417813502751523
0.03925913986469248
-0.9867332139260886
0.1417813502751523
0.03925913986469248
-0.9867332139260886
0.025211515182037847
0.05174092213095351
-1.0280279994440613
-0.0054760736775052235
0.17215591014842888
-1.0157685201757862
0.01680580640174024
0.23830626070841196
-1.0095198621994699
0.044562272034727374
0.16138768973709083
-1.027913128472151
0.14026486397299456
0.06467638346803728
-1.0245451049271586
0.0023361655487580154
0.08865999808208692
-1.0475589870284554
0.0023361655487580154
0.08865999808208692
-1.0475589870284554
0.09940156219136957
0.12111472043470356
-1.0417020969568531
0.024690963911339025
0.1048258733836694
-1.052730230145582
0.03811217991687219
0.11301118285257528
-1.0571665423679422
0.02752614488796846
0.21529612065144524
-1.05094888226995
0.010550705503117402
0.1294976783167185
-1.084615503227679
0.10226705691122494
-0.028306378031647504
-1.1112086765244245
0.10226705691122494
-0.028306378031647504
-1.1112086765244245
0.1408698518683511
0.07810308281881562
-1.0663068394507185
0.22020456357432408
0.06337137558294188
-1.0347007740151648
0.22020456357432408
0.06337137558294188
-1.0347007740151648
0.07111282411995987
0.06980118992534534
-1.0954649468320243
0.2010645475368805
0.029487388852104345
-1.063003317153284
0.2010645475368805
0.029487388852104345
-1.063003317153284
0.2010645475368805
0.029487388852104345
-1.063003317153284
0.2646352449227804
-0.01346258097976175
-1.0666778598562694
0.2646352449227804
-0.01346258097976175
-1.0666778598562694
0.2646352449227804
-0.01346258097976175
-1.0666778598562694
0.2646352449227804
-0.01346258097976175
-1.0666778598562694
0.2646352449227804
-0.01346258097976175
-1.0666778598562694
0.2646352449227804
-0.01346258097976175
-1.0666778598562694
0.2646352449227804
-0.01346258097976175
-1.0666778598562694
0.2646352449227804
-0.01346258097976175
-1.0666778598562694
0.2646352449227804
-0.01346258097976175
-1.0666778598562694
0.2646352449227804
-0.01346258097976175
-1.0666778598562694
0.2646352449227804
-0.01346258097976175
-1.0666778598562694
0.10679865270055287
0.12053139181787584
-1.1557521155626225
0.10937859337171739
0.05520746655047649
-1.1542305522909506
0.10937859337171739
0.05520746655047649
-1.1542305522909506
0.10937859337171739
0.05520746655047649
-1.1542305522909506
0.14016070436480868
0.08991950574396192
-1.1682242703514591
-0.018986646150404997
0.21562011309810797
-1.1718222245921235
-0.06875614287135666
0.08271891135316717
-1.1751041017036097
-0.06875614287135666
0.08271891135316717
-1.1751041017036097
0.08242500409992225
0.03567506907277348
-1.187674272194983
0.01656159304463821
0.19140057206511116
-1.2009809074486621
0.03937219139956419
0.16643372529608275
-1.1889728102878019
0.007917065096603587
0.29046760128337096
-1.1821940605105319
-0.015051295487817517
0.19290149958735553
-1.2013222870262357
-0.017285866218089696
0.18575098551757135
-1.2072957860464995
0.04679879841897724
0.22973765867921403
-1.1998398490659776
0.07907351204377822
0.09583375883336477
-1.2265170840536441
0.004317457324329642
0.26690102578371216
-1.215568071453973
-0.01804751688394391
0.08864761468183906
-1.237811999644613
-0.04201338127205182
0.1535742349208631
-1.2337203072802445
0.05356934833177962
0.06004354832071338
-1.254690847864993
0.02351088024247383
0.08950312295875569
-1.2553864846294238
0.005808149977340775
0.14405130872477684
-1.2455797645562816
0.03291631855158634
0.04943757818417168
-1.2630232152128373
0.1353978160684486
0.1228783232262674
-1.2498718484655134
0.09890688297424197
0.18626264681963087
-1.259785914696952
0.001184015828275678
0.09759437172950995
-1.2756557437041078
-0.04188795872872018
0.21452707884968958
-1.2831093748275797
-0.048253318266395916
0.15664164844913553
-1.2797442753027426
-0.048253318266395916
0.15664164844913553
-1.2797442753027426
0.061817897216820496
0.059982302214769675
-1.2937339112154027
0.03942031208661374
0.2320889866906176
-1.2810434260795778
0.03942031208661374
0.2320889866906176
-1.2810434260795778
0.05602694371587155
0.24048989308092228
-1.2947937312238176
0.04086358397650211
0.3691516994756331
-1.2665550077549192
0.04086358397650211
0.3691516994756331
-1.2665550077549192
0.0002923638520337107
0.17951696479880078
-1.309506397456326
0.03968092229961696
0.24405643670624974
-1.2994814303504696
0.16618107891714073
0.06117833571071746
-1.3047258055920268
0.16618107891714073
0.06117833571071746
-1.3047258055920268
-0.052266023002512554
0.1678704690752017
-1.3292900934012704
-0.052266023002512554
0.1678704690752017
-1.3292900934012704
0.11488466776975695
0.08993053453846524
-1.3372320174226808
0.1948484768896197
0.12850315037033075
-1.328696116019819
0.1948484768896197
0.12850315037033075
-1.328696116019819
0.02650304923787549
0.1724376960141161
-1.3707216310533694
0.02650304923787549
0.1724376960141161
-1.3707216310533694
0.03229496496665045
0.1798808611201431
-1.3542748769424253
0.07271871960190116
0.037067300646798355
-1.363602004244325
0.052958456862522284
0.1625476132214958
-1.3751182775108208
0.11819691207528818
0.20425654482929342
-1.3588050894198758
0.1239032290652942
0.08428740952039168
-1.3684257815618608
0.06135252507747891
0.26456251221150345
-1.369161423955487
0.040066782041425296
0.16293780316289977
-1.376800880462701
0.07312127928268225
0.18723391459910568
-1.3874037636073384
0.07312127928268225
0.18723391459910568
-1.3874037636073384
7.436536755152217e-05
0.3322891794147552
-1.381805890761217
0.04247190418473777
0.2545494646609061
-1.384781121862826
0.04331768241255844
0.16257904335006182
-1.3997004810281253
0.04331768241255844
0.16257904335006182
-1.3997004810281253
0.06160839640271549
0.15778653524679853
-1.4203235738552276
0.005641867543242123
0.12258368082005694
-1.4363490841948698
0.005641867543242123
0.12258368082005694
-1.4363490841948698
0.026949054543765495
0.19837608265369586
-1.4330569511888072
0.017883908294258524
0.20752095182672384
-1.4366781700981937
-0.011587220779199032
0.29968317740232653
-1.4223012950051206
0.12953668233015592
0.15311600555142452
-1.4257907860836978
0.12953668233015592
0.15311600555142452
-1.4257907860836978
0.05203291499563092
0.2081150914928552
-1.4388223797020656
0.12082031143492564
0.00460647523586586
-1.4679026147480032
0.12082031143492564
0.00460647523586586
-1.4679026147480032
-0.08097884567602177
0.1843775806605007
-1.4629730632018674
0.08417634743784684
0.010528918531422448
-1.4930041353306744
-0.055551961970195976
0.20824933418035876
-1.479769277226448
0.07927131712262792
0.13308366470921051
-1.4812825744972946
0.13799478511652802
0.0066769542068189575
-1.4894777606989602
-0.06095212793067829
0.16887716174560496
-1.4968354945613034
-0.06095212793067829
0.16887716174560496
-1.4968354945613034
0.05318435080671261
0.25014640174774927
-1.4826140358854791
0.013454179685391582
0.2233663531508583
-1.511879497287977
-0.17463563451977582
0.03424837738782552
-1.5203838579872067
-0.016885504486853546
0.12552743415067663
-1.5241938977664655
-0.025235364453333103
0.2118349951567332
-1.5162435691299674
-0.02497817708694693
0.2861285106231931
-1.5049000969543371
-0.02497817708694693
0.2861285106231931
-1.5049000969543371
0.16661000426882294
0.15090695593507547
-1.5136678908450216
0.05058549368429117
0.2554413942217251
-1.5360091878907303
0.04543087206680994
0.212475392425667
-1.5431904023428034
0.04543087206680994
0.212475392425667
-1.5431904023428034
0.05816266578597857
0.18756321640647097
-1.5726608442977548
0.311020326322684
0.08636652712676912
-1.5295230143300145
0.311020326322684
0.08636652712676912
-1.5295230143300145
0.311020326322684
0.08636652712676912
-1.5295230143300145
0.2060824694224476
0.171161797551028
-1.559639017592521
0.2060824694224476
0.171161797551028
-1.559639017592521
0.2060824694224476
0.171161797551028
-1.559639017592521
0.2060824694224476
0.171161797551028
-1.559639017592521
0.3061806541027775
0.12363048259144073
-1.6050871855368125
0.11590317854171078
0.2137347464081217
-1.597262250102445
0.11590317854171078
0.2137347464081217
-1.597262250102445
0.11590317854171078
0.2137347464081217
-1.597262250102445
0.36669552749635237
0.040218677867351144
-1.547067330588098
0.36669552749635237
0.040218677867351144
-1.547067330588098
0.31103438630658675
0.04678062368559909
-1.5888973623508789
0.42996514861921054
0.1228026150563452
-1.5685320611685727
0.42996514861921054
0.1228026150563452
-1.5685320611685727
0.42996514861921054
0.1228026150563452
-1.5685320611685727
0.42996514861921054
0.1228026150563452
-1.5685320611685727
0.42996514861921054
0.1228026150563452
-1.5685320611685727
0.42996514861921054
0.1228026150563452
-1.5685320611685727
0.42996514861921054
0.1228026150563452
-1.5685320611685727
0.389655474878266
-0.006900559844574967
-1.5792520839231448
0.389655474878266
-0.006900559844574967
-1.5792520839231448
0.16752432519384453
0.05443192360523533
-1.656508920420265
0.16752432519384453
0.05443192360523533
-1.656508920420265
0.3728451402035068
0.13958514971591338
-1.6274615547456746
0.3728451402035068
0.13958514971591338
-1.6274615547456746
0.3728451402035068
0.13958514971591338
-1.6274615547456746
0.18355052142290026
-0.04582200064232584
-1.6707581241408087
0.05490368270012216
0.1254679241363475
-1.7207776062961586
-0.09574903235567597
0.41322099856009925
-1.6707751398416693
-0.036074219509014946
0.33934989179263086
-1.691200829607713
-0.036074219509014946
0.33934989179263086
-1.691200829607713
0.24176878909465266
0.15291253100698715
-1.706733863209521
0.2487157020775076
0.16373306205690133
-1.6904689058555924
0.2487157020775076
0.16373306205690133
-1.6904689058555924
0.2487157020775076
0.16373306205690133
-1.6904689058555924
0.2487157020775076
0.16373306205690133
-1.6904689058555924
0.2487157020775076
0.16373306205690133
-1.6904689058555924
0.046359439590582356
0.20308061108873332
-1.731850028543554
-0.08831303868920913
-0.09997791974231171
-1.7470382760317047
-0.08831303868920913
-0.09997791974231171
-1.7470382760317047
0.10844414688286416
-0.06685392778036658
-1.7436536009908843
0.2848343246116292
0.029091734321508425
-1.733351774404128
0.041250964112551566
0.3134363536730241
-1.73490236293204
0.049553463369369596
0.284405069157895
-1.746453605225064
0.07053499597840177
0.5345655047351285
-1.7147516329161396
0.07053499597840177
0.5345655047351285
-1.7147516329161396
-0.13974593714848274
0.2753909501546166
-1.7553434752826993
-0.11176834817504415
0.1736391290909246
-1.801681450292828
-0.11176834817504415
0.1736391290909246
-1.801681450292828
-0.033726844050960644
0.23946772723558787
-1.7898884882147976
-0.033726844050960644
0.23946772723558787
-1.7898884882147976
0.050840026232569224
0.28847308333874294
-1.7833375347272167
0.3263017530745537
0.022950671118110062
-1.7943651871727062
0.22296657911712608
0.21184935574974212
-1.8206569524292395
0.22296657911712608
0.21184935574974212
-1.8206569524292395
-0.08014259489143515
0.203806614076468
-1.8239423233695786
-0.08014259489143515
0.203806614076468
-1.8239423233695786
0.06330413144755072
0.3461250986553531
-1.7916461413011757
-0.0878892306722458
0.14248756574717403
-1.8318164674510584
-0.18647268519670357
-0.06392360389305661
-1.8169809135718131
-0.18647268519670357
-0.06392360389305661
-1.8169809135718131
0.056400963700367755
-0.20839094202676503
-1.8343906761778932
0.056400963700367755
-0.20839094202676503
-1.8343906761778932
0.057962391609031126
-0.21445027922760732
-1.8537623112762482
0.26457090252652427
-0.2189275415300745
-1.823366821655819
0.26457090252652427
-0.2189275415300745
-1.823366821655819
0.26457090252652427
-0.2189275415300745
-1.823366821655819
-0.02178128374107409
-0.39188165718761625
-1.8480635595472605
-0.02178128374107409
-0.39188165718761625
-1.8480635595472605
-0.02178128374107409
-0.39188165718761625
-1.8480635595472605
-0.02178128374107409
-0.39188165718761625
-1.8480635595472605
-0.27188321260015075
-0.2836452516544108
-1.8758503691791568
-0.27188321260015075
-0.2836452516544108
-1.8758503691791568
-0.27188321260015075
-0.2836452516544108
-1.8758503691791568
-0.2412580372221045
-0.35178170955186294
-1.8812511900470499
-0.2412580372221045
-0.35178170955186294
-1.8812511900470499
-0.2412580372221045
-0.35178170955186294
-1.8812511900470499
-0.2412580372221045
-0.35178170955186294
-1.8812511900470499
-0.2412580372221045
-0.35178170955186294
-1.8812511900470499
-0.2412580372221045
-0.35178170955186294
-1.8812511900470499
0.01887050601103229
-0.5748478660022259
-1.9384989584233963
0.01887050601103229
-0.5748478660022259
-1.9384989584233963
0.01887050601103229
-0.5748478660022259
-1.9384989584233963
0.01887050601103229
-0.5748478660022259
-1.9384989584233963
0.01887050601103229
-0.5748478660022259
-1.9384989584233963
0.01887050601103229
-0.5748478660022259
-1.9384989584233963
0.01887050601103229
-0.5748478660022259
-1.9384989584233963
0.01887050601103229
-0.5748478660022259
-1.9384989584233963
0.01887050601103229
-0.5748478660022259
-1.9384989584233963
0.01887050601103229
-0.5748478660022259
-1.9384989584233963
-0.06990132349454857
-0.4801909181053865
-1.9377956641161445
-0.06990132349454857
-0.4801909181053865
-1.9377956641161445
-0.06990132349454857
-0.4801909181053865
-1.9377956641161445
-0.09663984375163766
-0.3565724531639623
-2.010397604582504
-0.09663984375163766
-0.3565724531639623
-2.010397604582504
-0.09663984375163766
-0.3565724531639623
-2.010397604582504
-0.09663984375163766
-0.3565724531639623
-2.010397604582504
-0.09663984375163766
-0.3565724531639623
-2.010397604582504
-0.09663984375163766
-0.3565724531639623
-2.010397604582504
-0.09663984375163766
-0.3565724531639623
-2.010397604582504
-0.09663984375163766
-0.3565724531639623
-2.010397604582504
-0.09663984375163766
-0.3565724531639623
-2.010397604582504
-0.09663984375163766
-0.3565724531639623
-2.010397604582504
-0.09663984375163766
-0.3565724531639623
-2.010397604582504
-0.09663984375163766
-0.3565724531639623
-2.010397604582504
0.13941549774824424
-0.45618364581036497
-2.0266189880626784
0.13941549774824424
-0.45618364581036497
-2.0266189880626784
0.13941549774824424
-0.45618364581036497
-2.0266189880626784
0.13941549774824424
-0.45618364581036497
-2.0266189880626784
0.13941549774824424
-0.45618364581036497
-2.0266189880626784
0.13941549774824424
-0.45618364581036497
-2.0266189880626784
0.13941549774824424
-0.45618364581036497
-2.0266189880626784
0.13941549774824424
-0.45618364581036497
-2.0266189880626784
0.13941549774824424
-0.45618364581036497
-2.0266189880626784
0.13941549774824424
-0.45618364581036497
-2.0266189880626784
0.13941549774824424
-0.45618364581036497
-2.0266189880626784
0.13941549774824424
-0.45618364581036497
-2.0266189880626784
0.13941549774824424
-0.45618364581036497
-2.0266189880626784
0.13941549774824424
-0.45618364581036497
-2.0266189880626784
0.13941549774824424
-0.45618364581036497
-2.0266189880626784
0.13941549774824424
-0.45618364581036497
-2.0266189880626784
0.13941549774824424
-0.45618364581036497
-2.0266189880626784
0.13941549774824424
-0.45618364581036497
-2.0266189880626784
0.0608344785754175
-0.5518232489472992
-2.1041275108755957
0.0608344785754175
-0.5518232489472992
-2.1041275108755957
0.0608344785754175
-0.5518232489472992
-2.1041275108755957
0.0608344785754175
-0.5518232489472992
-2.1041275108755957
0.0608344785754175
-0.5518232489472992
-2.1041275108755957
0.0608344785754175
-0.5518232489472992
-2.1041275108755957
0.0608344785754175
-0.5518232489472992
-2.1041275108755957
0.0608344785754175
-0.5518232489472992
-2.1041275108755957
0.0608344785754175
-0.5518232489472992
-2.1041275108755957
0.0608344785754175
-0.5518232489472992
-2.1041275108755957
0.22354079317675762
-0.23917900474750856
-2.1886877386128845
0.22354079317675762
-0.23917900474750856
-2.1886877386128845
0.27759546474681773
-0.1115268647532739
-2.2097169646316974
0.27759546474681773
-0.1115268647532739
-2.2097169646316974
0.27759546474681773
-0.1115268647532739
-2.2097169646316974
0.27759546474681773
-0.1115268647532739
-2.2097169646316974
0.27759546474681773
-0.1115268647532739
-2.2097169646316974
0.27759546474681773
-0.1115268647532739
-2.2097169646316974
0.27759546474681773
-0.1115268647532739
-2.2097169646316974
0.061943740221457745
0.21190980506465013
-2.246861473076942
0.061943740221457745
0.21190980506465013
-2.246861473076942
0.07227177984193235
0.46259477425156653
-2.2608110918991384
0.07227177984193235
0.46259477425156653
-2.2608110918991384
-0.07106532424135928
0.5979738486122776
-2.2102777118973784
-0.14922991145217118
0.4303190241979073
-2.238902248158616
-0.14922991145217118
0.4303190241979073
-2.238902248158616
0.12320501920351899
0.2764270276129067
-2.286370770896009
-0.02302538102006611
0.3633922157519648
-2.279950296763035
-0.02302538102006611
0.3633922157519648
-2.279950296763035
0.07446938802789664
0.4527449878342911
-2.2625590696047824
0.07446938802789664
0.4527449878342911
-2.2625590696047824
-0.2762214112033952
0.1950588677890769
-2.311385366810602
-0.2762214112033952
0.1950588677890769
-2.311385366810602
-0.2762214112033952
0.1950588677890769
-2.311385366810602
-0.06161942598820141
0.4107555382437161
-2.3169970083738924
-0.0873209546976621
0.10650774303030472
-2.366284579790095
-0.0873209546976621
0.10650774303030472
-2.366284579790095
0.30363965845486046
0.3522130671296923
-2.3281359301800824
0.30363965845486046
0.3522130671296923
-2.3281359301800824
0.07481859034393336
0.4830346308465966
-2.3569886533703324
0.07481859034393336
0.4830346308465966
-2.3569886533703324
0.22054782147073176
0.16334238593213407
-2.3926990952109106
0.17329569024009914
0.5057700751579084
-2.38722820349798
-0.14872004530228689
0.35178007711160814
-2.351964508302528
0.0015088893615740823
0.41649555859147946
-2.3514109651308264
-8.554857647460224e-05
0.4184762151562901
-2.3512309076150135
0.05711707002858655
0.621547817145794
-2.325386558828286
0.05711707002858655
0.621547817145794
-2.325386558828286
0.05711707002858655
0.621547817145794
-2.325386558828286
0.05282030338631955
0.6231906528179935
-2.326378179772935
0.05282030338631955
0.6231906528179935
-2.326378179772935
-0.08236177987353777
0.6435420250554386
-2.334104693014661
-0.08236177987353777
0.6435420250554386
-2.334104693014661
-0.00033316871138472457
0.43498635015490617
-2.418106793273298
-0.00033316871138472457
0.43498635015490617
-2.418106793273298
-0.3860921629511507
0.11174395442678015
-2.44551182424121
-0.3860921629511507
0.11174395442678015
-2.44551182424121
-0.3860921629511507
0.11174395442678015
-2.44551182424121
-0.3860921629511507
0.11174395442678015
-2.44551182424121
-0.3860921629511507
0.11174395442678015
-2.44551182424121
-0.3860921629511507
0.11174395442678015
-2.44551182424121
-0.3860921629511507
0.11174395442678015
-2.44551182424121
-0.37491058577697745
0.17188115087673955
-2.4909925316216475
0.06504393196527493
0.21705035979682907
-2.479647717001638
-0.16412011524144657
0.6107778085231063
-2.427851222642154
-0.2703674932450263
0.41206837225973775
-2.527018950273155
0.055679074717158036
0.5456792083032889
-2.469996462376673
-0.21986996728557437
0.4778309904826336
-2.487729167683856
-0.21986996728557437
0.4778309904826336
-2.487729167683856
-0.009088374206845952
0.7318981412448115
-2.3847293974437433
-0.009088374206845952
0.7318981412448115
-2.3847293974437433
-0.16677425120433872
0.6123983812942407
-2.4279087076359387
-0.16677425120433872
0.6123983812942407
-2.4279087076359387
-0.16677425120433872
0.6123983812942407
-2.4279087076359387
-0.16552321960811775
0.38066704162274057
-2.489652591178369
0.0012207746889796452
0.4524426978461421
-2.48860890441177
0.0012207746889796452
0.4524426978461421
-2.48860890441177
-0.03403194999101278
0.4207135451119725
-2.5167043611183004
-0.33242276854354386
0.21472841859674321
-2.5139320197242854
-0.33242276854354386
0.21472841859674321
-2.5139320197242854
-0.33242276854354386
0.21472841859674321
-2.5139320197242854
-0.16848529393758882
0.3811563011643449
-2.527672180282816
-0.22172653688625993
0.4821008955650559
-2.525415527039235
-0.03232803348075326
0.49411079017141035
-2.5355162859532396
-0.03232803348075326
0.49411079017141035
-2.5355162859532396
0.0651618868264697
0.5781219445095956
-2.582875359321361
0.0651618868264697
0.5781219445095956
-2.582875359321361
0.0651618868264697
0.5781219445095956
-2.582875359321361
-0.004587755002440579
0.6560192337793078
-2.565657498724321
-0.3299359405247021
0.32517670336099025
-2.5659866789034855
-0.02005375449775564
0.6303901773780886
-2.5535256130523174
-0.02005375449775564
0.6303901773780886
-2.5535256130523174
0.09337072797657273
0.37996923488652484
-2.6161972271304905
-0.35351105843139286
0.21665219448304532
-2.5896086034004546
-0.35351105843139286
0.21665219448304532
-2.5896086034004546
-0.35351105843139286
0.21665219448304532
-2.5896086034004546
-0.35351105843139286
0.21665219448304532
-2.5896086034004546
-0.35351105843139286
0.21665219448304532
-2.5896086034004546
-0.4442074992413916
0.030939780191914578
-2.591998329880102
-0.032122338220906786
0.4449987232955847
-2.634069540774042
-0.3537678740880689
0.2152156185498833
-2.5895683568049215
-0.3537678740880689
0.2152156185498833
-2.5895683568049215
0.0993086625621737
0.3851554897066888
-2.657388539331448
-0.021684779715170032
0.6576663232488097
-2.6340527767783763
0.17826472822255407
0.49840774475270594
-2.6563019633675644
-0.07131822107847252
0.48360750128845553
-2.644855310111965
0.12444497342039115
0.8222129997540583
-2.5578797089144736
0.12444497342039115
0.8222129997540583
-2.5578797089144736
0.12444497342039115
0.8222129997540583
-2.5578797089144736
0.12444497342039115
0.8222129997540583
-2.5578797089144736
0.3480081402036638
0.45304281917073197
-2.630560194204826
0.4843277554334972
0.32246279339329637
-2.650727541639881
0.4843277554334972
0.32246279339329637
-2.650727541639881
0.4843277554334972
0.32246279339329637
-2.650727541639881
0.5003625492777796
0.3304192010213165
-2.6909905923250315
0.5003625492777796
0.3304192010213165
-2.6909905923250315
0.9135510521221223
0.21523448373153634
-2.586309866549737
0.9135510521221223
0.21523448373153634
-2.586309866549737
0.9135510521221223
0.21523448373153634
-2.586309866549737
0.9135510521221223
0.21523448373153634
-2.586309866549737
0.6349021414099383
0.26955441435226746
-2.657103447227772
0.6349021414099383
0.26955441435226746
-2.657103447227772
0.6349021414099383
0.26955441435226746
-2.657103447227772
0.6349021414099383
0.26955441435226746
-2.657103447227772
0.6349021414099383
0.26955441435226746
-2.657103447227772
0.6349021414099383
0.26955441435226746
-2.657103447227772
0.6349021414099383
0.26955441435226746
-2.657103447227772
0.6349021414099383
0.26955441435226746
-2.657103447227772
0.6349021414099383
0.26955441435226746
-2.657103447227772
0.7297160562668453
-0.16689641227297639
-2.669808295876047
0.7297160562668453
-0.16689641227297639
-2.669808295876047
0.7297160562668453
-0.16689641227297639
-2.669808295876047
0.7297160562668453
-0.16689641227297639
-2.669808295876047
0.7297160562668453
-0.16689641227297639
-2.669808295876047
0.7297160562668453
-0.16689641227297639
-2.669808295876047
0.7297160562668453
-0.16689641227297639
-2.669808295876047
0.5269856547967028
-0.051117481564009304
-2.7718131062407645
0.5269856547967028
-0.051117481564009304
-2.7718131062407645
0.5269856547967028
-0.051117481564009304
-2.7718131062407645
0.5269856547967028
-0.051117481564009304
-2.7718131062407645
0.5269856547967028
-0.051117481564009304
-2.7718131062407645
0.5269856547967028
-0.051117481564009304
-2.7718131062407645
0.5269856547967028
-0.051117481564009304
-2.7718131062407645
0.5269856547967028
-0.051117481564009304
-2.7718131062407645
0.5269856547967028
-0.051117481564009304
-2.7718131062407645
0.5269856547967028
-0.051117481564009304
-2.7718131062407645
0.5269856547967028
-0.051117481564009304
-2.7718131062407645
0.42795422711747366
0.13388979128128412
-2.8305029826693593
0.10095113819784282
0.6298349972623687
-2.8272295443217117
0.10095113819784282
0.6298349972623687
-2.8272295443217117
0.08692969281712455
0.6791826274332415
-2.8904055867573315
0.08692969281712455
0.6791826274332415
-2.8904055867573315
0.08692969281712455
0.6791826274332415
-2.8904055867573315
-0.021105232705397593
0.7470232391231771
-2.8523389458108994
-0.021105232705397593
0.7470232391231771
-2.8523389458108994
-0.021105232705397593
0.7470232391231771
-2.8523389458108994
-0.25298579833811285
0.3887893837826799
-2.9022405505833078
-0.13619391384952698
0.6873569120243259
-2.884476748215059
-0.2666099207990061
0.5724236205918487
-2.8674237956649944
-0.2666099207990061
0.5724236205918487
-2.8674237956649944
0.11446193706687219
0.6642130984014998
-2.9210306847504786
0.11446193706687219
0.6642130984014998
-2.9210306847504786
0.11446193706687219
0.6642130984014998
-2.9210306847504786
0.11197520871724209
0.6664711178548232
-2.920516900709435
0.11197520871724209
0.6664711178548232
-2.920516900709435
0.11197520871724209
0.6664711178548232
-2.920516900709435
