0.7587516441234099
0.09730132328399725
-1.4158203060353345
0.7686808954820131
0.10860092211747854
-1.4004627185209195
0.7626794519636263
0.09778190319103103
-1.4121376737716584
0.7686808954820131
0.10860092211747854
-1.4004627185209195
0.7626794519636263
0.09778190319103103
-1.4121376737716584
0.7626794519636263
0.09778190319103103
-1.4121376737716584
0.7686808954820131
0.10860092211747854
-1.4004627185209195
0.7871541028435617
0.08334173002494877
-1.368957943341642
0.7871541028435617
0.08334173002494877
-1.368957943341642
0.7682042089628875
0.0937977390939707
-1.3918317557341844
0.7578893335483061
0.10023339822631704
-1.3957721224175579
0.7578893335483061
0.10023339822631704
-1.3957721224175579
0.7960971200760159
0.08471580502837427
-1.3603827056050974
0.7811150468150803
0.08759334453599811
-1.382840836089136
0.7766331630503134
0.09413869668230601
-1.398577640981951
0.7665337864385844
0.06564471856922115
-1.4138792194468686
0.7730975412463916
0.12353731910210607
-1.402442778477474
0.8151132582221793
0.07623515873297379
-1.3923840040800335
0.706662365136735
0.10917977058787799
-1.4911573900534252
0.8212689266748161
0.08566366994000015
-1.368645855221902
0.7791446430009412
0.11302684635104449
-1.4130422722453369
0.7475362125835171
0.10462728422805279
-1.4453673843816208
0.6409915356169763
0.09903783114733644
-1.581596530016398
0.6975316537541602
0.06149326371422009
-1.595161871188448
0.7014232394822659
0.10049133529961186
-1.521273033865366
0.718570360749879
0.08101108554260154
-1.5316493324739304
0.738516698818274
0.10298625751539289
-1.5017929198700124
0.7592243173529198
0.08594434638537252
-1.4605373398857653
0.7450719697415437
0.1064207801123444
-1.4729262796430622
0.7168415908879934
0.11235637548034899
-1.5328771659467866
0.692352224709064
0.061534665908476394
-1.5928444337225365
0.7671360458283503
0.08784362797854994
-1.4871474135525173
0.8228889499637871
0.10216045119387622
-1.4215071182697614
0.7732643026516139
0.10507005165577832
-1.4740221738303079
0.7707537211542715
0.062437385157875
-1.5041282849186202
0.8059371201676471
0.08269688465409895
-1.4498220957833212
0.7591021337423284
0.10894916419723935
-1.5128785490813026
0.7666622632133088
0.09105736842484481
-1.5008917755447067
0.7592107155456985
0.07545093634974824
-1.5229213370601113
0.779492423052579
0.08999517849167187
-1.5279023865513865
0.7894491475744903
0.08338071452506701
-1.4886940925047614
0.7707398851664741
0.056149312061833954
-1.6261545663063068
0.7509026779428953
0.09145700405457567
-1.5411762459739593
0.7509776313349397
0.08951828531292275
-1.5506172536980478
0.7782758296113842
0.07225293283988429
-1.5649104705268893
0.7178776807962745
0.10751330665984879
-1.5875617133274273
0.6992451006095781
0.08271648338927257
-1.652589951577146
0.8166218362649059
0.06898647865387081
-1.5243300768913006
0.6908059907421015
0.08091955977139016
-1.6534504657478502
0.6034149440931718
0.032396115152274495
-1.7949441298188031
0.702301342875638
0.09590236775337109
-1.7027000425359162
0.610800459008389
0.05843847583282467
-1.750189313320835
0.6738794937551102
0.11888667926371262
-1.6730146603676184
0.7744370443471321
0.1429969058121061
-1.5886454117620936
0.8163531014180393
0.1049151574094346
-1.6014357098378165
0.841848262792327
0.0761355388952416
-1.5532005901114072
0.7657767696400729
0.07724622670597175
-1.7156340920984643
0.7227918465893761
0.0890026604116604
-1.7106038637697256
0.6567813881461471
0.13248697840852788
-1.7224760690061276
0.6629317055374995
0.12267570758538066
-1.7293411893298345
0.3708944107966119
0.24475309010329538
-1.9082214648914988
0.6484919457170272
0.16092703885095241
-1.7477767291568693
0.46228557629032413
0.14268040518914812
-1.8671303154568173
0.6614173476578586
0.04666724854378401
-1.8074647895714404
0.6126741390271978
0.10029181281449137
-1.7996204362659394
0.7161863603176035
0.10514974898721988
-1.7100730665549253
0.6188014840140627
0.11267531147574547
-1.8177608194418802
0.7758943491105804
0.09396581303581299
-1.6680742471150802
0.7105245614083029
0.05863298314973108
-1.7095471480264504
0.741792319125204
0.08137879100289615
-1.7453448579758155
0.7689962884046322
0.062212573692790436
-1.6841404569426082
0.6890915957423532
0.1445849965938809
-1.7876375073776885
0.7995101966505217
0.09700146724207578
-1.7295410713368098
0.7817680699923122
0.08166762201319765
-1.7932482443985611
0.7965925156869749
0.11852425790444057
-1.6675907024486487
0.8313829128404682
0.0928666825805377
-1.6849987956492105
0.8123866696784487
0.0919529454748689
-1.6528101709649947
0.7853747266049215
0.06259792281480889
-1.688899370355815
0.767331167975228
0.04235733585281125
-1.7093993973532484
0.8817667930826074
0.06776331865711582
-1.6629351069358915
0.7625642681024368
0.06790206783844323
-1.721180971150111
0.7908281212000621
0.057901737299685035
-1.6995163442002243
0.7817578780868444
0.09128852109107666
-1.7105637395242819
0.795159611255732
0.0854967070684239
-1.7574413230291754
0.7820517740665647
0.1250231844908693
-1.7159139108869097
0.769043741122697
0.10715503874911532
-1.733485849498954
0.8125870917033832
0.053925954476077086
-1.7515496422323835
0.6553912525580072
0.1522636824636466
-1.847405366342379
0.771487084577963
0.07081118092744244
-1.7568040809329033
0.7808291763635755
0.04740681223885165
-1.744203248919843
0.6582174997446547
0.14032429657693923
-1.8691154030310275
0.7487235035302497
0.08809106053206141
-1.7869827876036652
0.5731144362262662
0.08928760727072457
-1.9566221831561568
0.5639816487542556
0.058064755968847005
-2.0199406313989177
0.2774406622808692
0.28784501421343583
-2.110782010845863
0.5629104027937799
0.17738941524975949
-1.99620242814316
0.5667741870691626
0.0837959611950644
-1.957399764266867
0.7513481527055481
0.10213067184486099
-1.8053014058676358
0.9044637615033712
0.06406605021780591
-1.7827080343238573
0.9044637615033712
0.06406605021780591
-1.7827080343238573
0.714838726768585
0.12433143796970483
-1.8606550526189862
0.7751862941117559
0.15817421220992495
-1.8412012831770246
0.8040480956912673
0.09962283960711933
-1.8011938987484577
0.766162311690123
0.05000559987138936
-1.8438743250823086
0.799594193724935
0.023761214919710068
-1.845199957692484
0.8617023474950005
0.08621051587046542
-1.8218765516635005
0.7891717420828438
0.07695807204961555
-1.8323962858769527
0.6969090654378118
0.044952054772956475
-1.9428571928859695
0.5865038423676898
0.06527520282184418
-2.0120850899773464
0.7480553351473507
0.08953516115987842
-1.8970902955416113
0.7728065360954051
0.0564816409135753
-1.8639638225830804
1.0734975552322612
0.1063868427044008
-1.6966613492880513
1.0734975552322612
0.1063868427044008
-1.6966613492880513
0.8653174854756368
0.07915772310706902
-1.9076592495539386
0.5490566064414119
0.244614740966352
-2.0950089100208618
0.5523506214686951
0.11341006008633228
-2.065655635398503
0.7216033512692208
0.1040864519773724
-2.013172234655104
0.8135209880024504
0.06417423099849702
-1.8579650644681927
0.6707457207881462
0.16759245602989328
-1.9975305513789394
0.7421504722663221
0.08364020202736334
-2.0067508018938693
0.7982244479279582
0.11029881918627184
-1.9340020059353762
0.7166533402990655
0.134167025696384
-2.066673410723061
0.48122435167135486
-0.03227434906759771
-2.176460953892643
0.48122435167135486
-0.03227434906759771
-2.176460953892643
0.37032098375015327
0.1475315303441317
-2.184305886172533
0.6312747520397717
0.16857297108330405
-2.1011661456688655
0.7451726346569045
0.1241490028905483
-1.9610542400332123
0.6928924994231498
0.13889207024198505
-2.0178982211424565
0.6619335193262998
0.03381209479330048
-2.089657450750569
0.8775090646172691
0.10639886513931626
-1.8864919596041236
0.7608967194298967
0.09403412969046622
-1.9475179400507758
0.6471498889385454
0.121883351376046
-2.048462525231579
0.824085931423275
0.004997081712261897
-2.0741209884327585
0.6478398547734325
0.12049698540435545
-2.073266243799559
0.6572374883137112
0.0522089649159576
-2.0982295543521694
0.7711927107061375
0.0008191141184527517
-2.1329295784546267
0.9730378826085487
0.04766464437623762
-1.8784201917091088
0.7075609499789733
0.11461605529944612
-2.0523470813585662
0.7255671625230488
0.07156911111942639
-2.022336512955053
0.9035869474602206
0.1250565654373057
-1.9016916387879341
0.6898108921518845
0.1543338564369575
-2.115779730662795
0.8078594844179035
0.029156652715835382
-1.976843949335965
1.026980309262669
0.08855718399182176
-1.8807984809088336
0.7026328271908437
0.18749767641722181
-2.038087648228854
0.8324611498645357
0.0805212386102053
-2.0579019474087628
0.7904082527755819
0.1822375907779697
-1.9884500992026426
0.661213351787945
0.07131658570017242
-2.1008304543907284
0.5981733770764806
-0.008381002266561549
-2.187357635660754
0.4735890600628333
0.22398630998215144
-2.324410139442273
0.4916846169031711
0.15849185595932846
-2.2282952718288316
0.7320137783814091
-0.006448233997613704
-2.159984245714848
0.8097617902771508
0.09635425595298008
-2.025019350480504
0.7884973093183046
0.13794608095528682
-2.070647798115303
0.7478772614049525
0.05839827484973486
-2.19318405232078
0.8300978677068721
0.05952249299464139
-2.031529415384913
0.7180082021010605
0.14960803994686345
-2.0914710315241725
0.7752312292259437
0.07392182617188205
-2.0947599224911846
0.7137646107002523
0.06780048380353276
-2.1273913892872933
0.7275695529038879
0.1488819129520407
-2.143118131875074
0.6148930150548523
0.12003752016942401
-2.270097045821545
0.5681107279899065
0.18615293588053636
-2.211722513122436
0.43015831699862506
0.12477772135140835
-2.3389329099749374
0.46567305274974524
0.146836679989333
-2.33351119898245
0.4855994856483966
0.16901452237089268
-2.2781108394809477
0.7963159067168659
0.12226753898280324
-2.146872064431077
0.7313993951448517
0.15534100792058908
-2.195795171979992
0.8060266834205161
0.09287817513293514
-2.103436768168624
0.7500008798291596
0.11209486780380554
-2.1801149271570095
0.7117636393061837
0.0688949682694829
-2.178933487641016
0.7825386517379873
0.13562725669094325
-2.1185806670236818
0.880773396061316
0.11813021901237837
-2.1745707325229375
0.9126260746393626
0.17018277477877433
-2.09160785122622
0.806914193030934
0.08742016508469744
-2.1278554349337773
0.615314510385577
0.21667627613334245
-2.2759024465470654
0.7904708409526258
0.13210207985252895
-2.1882270741374823
0.7353404602235171
0.09538158651917296
-2.1780416220909493
0.7353404602235171
0.09538158651917296
-2.1780416220909493
0.7795388608901211
0.045327782156349736
-2.1775784449424562
0.7412299919134296
0.0805049573888952
-2.186957386205954
0.735743844138149
0.09159340423272641
-2.204410941801198
0.9679278454549832
0.11176219482712178
-2.245413123327253
0.6933634395314261
0.041998808552135704
-2.2492933904831127
0.930361048469666
0.03267869067873398
-2.1760017794839577
0.930361048469666
0.03267869067873398
-2.1760017794839577
0.6602734973396583
0.08220049914218183
-2.2678244938337664
0.7070875775760999
0.026484594097148328
-2.2383418951817142
0.7070875775760999
0.026484594097148328
-2.2383418951817142
0.601833910470577
0.13886181926908997
-2.322156568357904
0.7318854677304483
0.07688761583546928
-2.257880722892513
0.6969811029005131
0.03204758923937128
-2.2844641710198745
0.8850983085982986
0.056314490451041165
-2.183688013998653
0.8850983085982986
0.056314490451041165
-2.183688013998653
0.6584384793710564
0.18430771213889754
-2.328704378748145
0.7978625604483148
0.12272466144458241
-2.306640016122944
0.7793746880522809
0.1042294136709852
-2.2474216818540516
0.8190688488771011
0.1531701448084637
-2.22611617074128
0.7749547453609181
0.0011432271060463194
-2.2335362615835876
0.7846445411611717
0.10102695540143686
-2.2762787312531345
0.4479031417977943
0.0516968682874043
-2.4659671764443867
0.530392483020614
0.08405698295170022
-2.4482531365257256
0.530392483020614
0.08405698295170022
-2.4482531365257256
0.6400145314340536
0.07329668604912176
-2.3525111280092603
0.36611410769089225
0.17788229406894512
-2.5349723308496244
0.5805940175006268
0.042451627276968606
-2.4356655668740763
0.692357383684309
0.13456355321322497
-2.3836756007839672
0.44308883991013803
0.33968778195667065
-2.523889560838371
0.7739866598817884
0.026310466530674363
-2.309438586460573
0.6516618367173619
0.09414939226826995
-2.3930824627365985
0.6516618367173619
0.09414939226826995
-2.3930824627365985
0.8153145928103099
-0.029027290086651406
-2.293432732385616
0.7213029674525375
0.07853043393139464
-2.3412500953704773
0.957594343359197
0.16641226901081377
-2.2802833678704646
0.957594343359197
0.16641226901081377
-2.2802833678704646
0.7011809708257214
0.14508590832755638
-2.369800594702469
0.5659733566721763
0.04192127921114563
-2.4667340956303607
0.8098856531962199
0.053395373517066295
-2.290187744612676
0.8098856531962199
0.053395373517066295
-2.290187744612676
0.7741510821622805
0.10953962007228102
-2.3513164939508138
0.9001243600144326
0.10511118600294274
-2.3760080047449796
0.7324541725924526
0.06022035558484374
-2.382403400479762
0.5776064855558961
0.18983232438532308
-2.482358854168816
0.7854854596653068
0.008045286963296216
-2.4021264217858977
0.6768668393360194
0.0015449510834697824
-2.43311313718172
0.7804334008103998
0.11843493235326594
-2.3599580805429063
0.7513384033459677
0.07042517895386612
-2.483889872589733
0.6790006141029925
0.03512844979817285
-2.4668824444476276
0.6603261423567837
0.02246393234456888
-2.454985776289744
0.6603261423567837
0.02246393234456888
-2.454985776289744
0.9009091458286538
0.06752088329547334
-2.3373758643537212
0.7742696395370339
0.026821258311520945
-2.3989046157385348
0.7234750028033734
0.07386769435989311
-2.41154298419548
0.729867255418383
0.08483401040657661
-2.445309072525409
0.33630199120778115
0.14128870458022988
-2.6358194533366204
0.33630199120778115
0.14128870458022988
-2.6358194533366204
0.5946569409931138
0.12167780144222423
-2.535086264497071
0.777496485370692
0.13268280966525456
-2.443769506694913
0.6766433564458679
0.017539868803420042
-2.4748035097923684
0.7130071465182594
0.09499880349605552
-2.4658846436416946
0.7275323669797936
0.0798679713028143
-2.4783310147397533
0.7275586515312827
0.07703432999588589
-2.4783784621504332
0.60824926027821
0.1328522273473419
-2.5833647210654505
0.6224901130345813
-0.05071776869667891
-2.561539364915615
0.5495280596376003
0.21647794807604825
-2.5839437824341247
0.5495280596376003
0.21647794807604825
-2.5839437824341247
0.729466904281878
0.07146169090500544
-2.5134406434842176
0.551077947803889
-0.2427503871198992
-2.7932165411506795
0.8936091236587255
0.11327481694580142
-2.43451932152123
0.7156722901701114
0.09675574371436023
-2.5360745482592733
0.28262443771144985
0.4936067317295032
-2.689755099628454
0.2839137833932637
0.4715167728715215
-2.653649101918773
0.23692664998029933
0.3436838408424525
-2.7198858281841876
0.04970110942078601
0.6585112004048473
-2.65733858490917
0.04970110942078601
0.6585112004048473
-2.65733858490917
0.04970110942078601
0.6585112004048473
-2.65733858490917
0.04970110942078601
0.6585112004048473
-2.65733858490917
0.04970110942078601
0.6585112004048473
-2.65733858490917
0.04970110942078601
0.6585112004048473
-2.65733858490917
0.04970110942078601
0.6585112004048473
-2.65733858490917
0.04970110942078601
0.6585112004048473
-2.65733858490917
0.13295305299289306
0.6499652648118188
-2.77411006169791
0.46954193018555757
0.38120409470585453
-2.7012762777496353
0.7863350555670877
0.020835215183239227
-2.570247858727444
0.35491981998136896
0.36615902267419587
-2.6965043602041594
0.2500636626437698
0.5446034850722054
-2.7565862629005835
0.598452289715836
0.4058093706263034
-2.684945632059689
0.46524667585624063
0.06923758003939007
-2.723083911901521
0.4432410192664979
0.3847654885621601
-2.7414591224578433
0.06451773722586081
0.29851853578752263
-2.820017479163089
0.09600840047746237
0.5045062264987685
-2.8800953221770076
0.20494678881613387
0.6388986387004788
-2.8404051336183755
0.20494678881613387
0.6388986387004788
-2.8404051336183755
0.20494678881613387
0.6388986387004788
-2.8404051336183755
0.044025511474139994
0.39922967492433165
-2.9352976463644276
0.044025511474139994
0.39922967492433165
-2.9352976463644276
0.044025511474139994
0.39922967492433165
-2.9352976463644276
0.044025511474139994
0.39922967492433165
-2.9352976463644276
0.044025511474139994
0.39922967492433165
-2.9352976463644276
0.044025511474139994
0.39922967492433165
-2.9352976463644276
0.044025511474139994
0.39922967492433165
-2.9352976463644276
0.044025511474139994
0.39922967492433165
-2.9352976463644276
0.18277814752362484
0.630738504382651
-2.7838736781287388
-0.0913683767959616
0.7425391770252986
-2.8106448006177156
0.2955363149950227
0.5215582690670157
-2.923120287008124
0.2955363149950227
0.5215582690670157
-2.923120287008124
0.2955363149950227
0.5215582690670157
-2.923120287008124
0.03243303706550094
0.8544323707987013
-2.821552189762842
-0.2647295572989538
0.4890582738459035
-2.9074451149635636
-0.2647295572989538
0.4890582738459035
-2.9074451149635636
-0.2647295572989538
0.4890582738459035
-2.9074451149635636
-0.2647295572989538
0.4890582738459035
-2.9074451149635636
-0.2647295572989538
0.4890582738459035
-2.9074451149635636
-0.2647295572989538
0.4890582738459035
-2.9074451149635636
-0.2647295572989538
0.4890582738459035
-2.9074451149635636
0.12525894717627578
0.8672324872472665
-2.831439724857674
0.00889274213573241
0.48081170189662126
-2.9464393507566555
0.16736323545832835
0.3841293088723507
-2.9963226632468984
0.49998597363198277
0.1309489645471387
-2.9711008890909856
0.6384530042140808
-0.0311601187351503
-2.9220926052927902
1.0344226197478854
-0.015431598458205447
-2.6818025631438767
1.0344226197478854
-0.015431598458205447
-2.6818025631438767
0.8725700961649412
0.07120378532136865
-2.8359918689192347
0.9774856944028116
0.051111109087655905
-2.7020052608358633
0.6978305244760801
0.08160455582941822
-2.8324672063324
1.0870809456537232
0.0495850494827107
-2.6583760787412287
0.776374865475862
-0.029673527443751114
-2.8133887927686834
0.776374865475862
-0.029673527443751114
-2.8133887927686834
0.42026389982812046
0.3511533240010882
-2.945656967307801
0.8341383212355162
0.15747957810931268
-2.915469947093511
0.750490601758773
-0.19584569554872006
-2.9898689368677354
0.750490601758773
-0.19584569554872006
-2.9898689368677354
0.9250098004946627
0.13580818155115
-2.7592161591770936
0.9250098004946627
0.13580818155115
-2.7592161591770936
0.8411360310392926
0.06573053116196943
-2.7878730503437144
0.6899541016019904
0.09489269122165951
-2.9275152048639552
0.6899541016019904
0.09489269122165951
-2.9275152048639552
0.6899541016019904
0.09489269122165951
-2.9275152048639552
0.49640902188950486
0.20732627789433813
-2.977175856342399
0.4496741828470423
0.19120774165758572
-3.1248869334939577
0.45220758524770327
0.1731323577894993
-3.0704278905070277
0.45220758524770327
0.1731323577894993
-3.0704278905070277
0.09512955723330543
0.282705642965919
-3.147731725718059
0.09512955723330543
0.282705642965919
-3.147731725718059
0.23905570397642328
0.6388297346410486
-3.025094091868687
0.06264607260886546
0.2925262681923116
-3.1463336523079293
0.06264607260886546
0.2925262681923116
-3.1463336523079293
0.06264607260886546
0.2925262681923116
-3.1463336523079293
0.06264607260886546
0.2925262681923116
-3.1463336523079293
0.06264607260886546
0.2925262681923116
-3.1463336523079293
0.06264607260886546
0.2925262681923116
-3.1463336523079293
0.06264607260886546
0.2925262681923116
-3.1463336523079293
0.06264607260886546
0.2925262681923116
-3.1463336523079293
0.06264607260886546
0.2925262681923116
-3.1463336523079293
0.40667127556395805
0.15057998922948543
-3.1863045979427165
0.5496867606383131
-0.08054780188360264
-3.056741743788826
0.5496867606383131
-0.08054780188360264
-3.056741743788826
0.41021080407043076
0.12264847434272516
-3.0731055702094716
0.7658385558685586
-0.012801948648659758
-2.9555337287751415
0.7658385558685586
-0.012801948648659758
-2.9555337287751415
0.7633036244638327
-0.012901230489009818
-2.9553765001544106
0.8936808131568651
-0.12459995639554694
-3.028137237535129
0.8936808131568651
-0.12459995639554694
-3.028137237535129
0.541979275725036
0.0014076134507494064
-3.0574432552214548
0.541979275725036
0.0014076134507494064
-3.0574432552214548
0.8690675294883576
0.057545546337488415
-2.980995108140658
0.7087447783884866
-0.13624573606992454
-3.041086587713376
1.1670785294914285
0.03419934702882349
-2.878604321904077
0.7671831098822423
0.2994739471112716
-3.1819056603088036
0.5349963029839458
-0.12795091754926496
-3.1067414295388187
0.1468645642521267
-0.6862443017550379
-3.12072629109249
0.1468645642521267
-0.6862443017550379
-3.12072629109249
0.1468645642521267
-0.6862443017550379
-3.12072629109249
0.1468645642521267
-0.6862443017550379
-3.12072629109249
0.1468645642521267
-0.6862443017550379
-3.12072629109249
0.1468645642521267
-0.6862443017550379
-3.12072629109249
0.1468645642521267
-0.6862443017550379
-3.12072629109249
0.1468645642521267
-0.6862443017550379
-3.12072629109249
0.1468645642521267
-0.6862443017550379
-3.12072629109249
0.1468645642521267
-0.6862443017550379
-3.12072629109249
0.1468645642521267
-0.6862443017550379
-3.12072629109249
0.1468645642521267
-0.6862443017550379
-3.12072629109249
0.1468645642521267
-0.6862443017550379
-3.12072629109249
0.1468645642521267
-0.6862443017550379
-3.12072629109249
0.1468645642521267
-0.6862443017550379
-3.12072629109249
0.1468645642521267
-0.6862443017550379
-3.12072629109249
0.1468645642521267
-0.6862443017550379
-3.12072629109249
