0.8192060509217236
0.07901234123198786
-1.748492765483464
0.8192060509217236
0.07901234123198786
-1.748492765483464
0.8192060509217236
0.07901234123198786
-1.748492765483464
0.7175435986825605
0.08422898558923099
-1.8242815691710672
0.7393658733539724
0.10308996715780724
-1.8126927496808345
0.8405009093981717
0.08319345307332424
-1.725149818260563
0.8405009093981717
0.08319345307332424
-1.725149818260563
0.7763295000757398
0.04271581648307956
-1.8001947654010664
0.7600537626392092
0.06993099461683695
-1.8138987376336653
0.6951953826135305
0.1088048290961501
-1.8696454218420586
0.6952652140778305
0.11066105015758836
-1.8695126204078198
0.7532927041875104
0.07479576137120071
-1.8138535342794073
0.7314639647656964
0.10389001922864378
-1.832056749073955
0.779362224580899
0.04902001381955321
-1.8387332179062688
0.5210653259579333
0.16711680290584108
-2.0520364576524015
0.7655379207188118
0.047752613421793384
-1.8192870489121953
0.7662668586324607
0.09723877132709104
-1.8142193771992152
0.7875322229644734
0.14611853250098666
-1.844492888817014
0.7722834877870327
0.09936389452740398
-1.8333117576315316
0.6718246725809887
0.06383285579383678
-1.9096637794428803
0.7722011709931129
0.14185499136069019
-1.8249330367039942
0.6912488618386848
0.1288558483898632
-1.951977422408954
0.8212664725757554
0.048013062890557595
-1.858162298146822
0.8227544154635573
0.024686571637640473
-1.8102827779935247
0.7726032319050241
0.02659721760502603
-1.938245690197408
0.7858569085742665
0.08058228560274552
-1.8451824532063859
0.5440077309719904
0.17552583471648672
-2.0433193525183126
0.8438927311122979
0.04865660915380722
-1.8920431005148608
0.8438927311122979
0.04865660915380722
-1.8920431005148608
0.8290260290533165
0.1249604399832503
-1.9139573372787164
0.9622983741355728
0.08887364754451448
-1.7760386120363518
0.6674254323088444
0.11029846633866935
-2.0038161637746543
0.6965790710864116
0.08342465544552173
-1.966959254899272
0.8214343388948455
0.0999484581851308
-1.8910359365627936
0.6015267945627312
0.07309662676469668
-2.046713895582968
0.6878651979088063
0.09079721531750212
-1.9806552145567176
0.7203363911407465
0.11867820651892767
-1.950957103594999
0.6946418775959738
0.08552439172508756
-1.9882287977630182
0.783038916588872
0.10695932599594546
-1.9529294223634583
0.7201057750592611
0.07276646834011706
-2.0272450588123614
0.7225797369407965
0.10870780932858129
-1.972611343390481
1.003297599016889
0.09395070447727553
-1.873390778867439
0.713779774908886
0.12396056271136006
-1.9703223902712796
0.8284670514518296
0.05838127424511838
-1.9859292946805465
0.6867273448960958
0.098080417556692
-1.992074564577902
0.7906306717419318
0.08336418769068407
-1.9286868950891152
0.553838065249028
0.1313162361148862
-2.102780528355741
0.737197935102969
0.10124962352695048
-1.9843653207852379
0.8138115471323666
0.11097883697517834
-1.9275373338555544
0.7125579637285764
0.054829185144855845
-2.0063161334995896
0.6867862300786182
0.17857814401161592
-2.0145103937626683
0.6031313983310325
0.11304464839823951
-2.0899388089937347
0.8581278656604148
0.13528116805447543
-1.9830886554683114
0.744242137111048
0.10428217574235084
-2.028588672476806
0.8124891196125396
0.11042941714462919
-1.9462582528555936
0.7171678200187432
0.07321036098755013
-2.0508749737306817
0.7113794438375569
0.13269529167889416
-2.03363634115605
0.3979974126328327
0.0482202708570056
-2.2302257523181237
0.7166418026204497
0.1380631942611765
-2.0569938534964276
0.6975723270600114
0.10339993246483212
-2.107855240278394
0.6882928989041548
0.10310380563683799
-2.0818492032493405
0.5342638806908091
0.14895947325272127
-2.174556675631526
0.7305070420693419
0.09950998323328186
-2.041987165967307
0.8571185616623584
0.11505981839278605
-2.044587637253006
0.6029400892875594
0.13169586896567856
-2.144643893148214
0.8265157436891063
0.05670416760988503
-2.0031739729430535
0.7666787534020575
0.06195405079156719
-2.041288855633227
0.6373462559317057
0.0763964755560204
-2.1382630233289723
0.48008915986339606
0.22473944890735978
-2.243681664654825
0.6082537450896285
0.035122349219184446
-2.1881305051662108
0.8363961777285956
0.12280895103077893
-2.0327059680100805
0.8037654244593202
0.08997924999936724
-2.032908429452562
0.6405100050299803
0.08089552376606811
-2.1906396353223703
0.7053054841013022
0.06659877330558864
-2.1120535316389133
0.7218375674251595
0.07002573235681434
-2.211366352929636
0.44812021709658034
0.13231272834436866
-2.3013401444185573
0.707866950266943
0.16073765992110672
-2.160447516575589
0.7685301278974056
0.05901725483809613
-2.1036937982475075
0.7689118493204012
0.061148636970534465
-2.0861302049885313
0.7010710158456613
0.08121268702485598
-2.153732864440425
0.7337303073156645
0.10782606993678312
-2.111156856039657
0.8147066524329725
0.13384013032658781
-2.1822029189117425
0.71229310973212
0.06569233215415704
-2.1447813522843076
0.663557930339527
0.17886274734162125
-2.2383508661572997
0.7918793607172641
0.06530446436123463
-2.163267189364654
0.735594644195112
0.10464490851895154
-2.1354324810424865
0.5065199470834643
0.16359877704432832
-2.3416003404363237
0.3954064994605577
0.13206638771715107
-2.4174011350418536
0.6823149546749835
0.19539843950109176
-2.1972045630755095
0.7713520800312145
0.18769105565929098
-2.1830924146221333
0.7502613417672004
0.07851808288966533
-2.1699984458859793
0.7502613417672004
0.07851808288966533
-2.1699984458859793
0.6858985507980214
0.10491560922386176
-2.281552127929445
0.8843416389418218
0.08045899009706738
-2.100063185071468
0.8163148710618051
0.0824255063071459
-2.1246862949514878
0.8163148710618051
0.0824255063071459
-2.1246862949514878
1.1088017800221417
0.1050830110273477
-2.002729703729208
0.9430207905132632
0.097130781502336
-2.1675859459891154
0.5631226024550402
0.19825774626889134
-2.3248111478949043
0.6361554772885971
0.17562075017795212
-2.3121086543268308
0.7655463471508659
0.0906335511341773
-2.231889774544423
0.7225238578987089
0.14743168341961835
-2.257446688740329
0.8681847530739596
0.10336963095365537
-2.1590831847425784
0.7863066144814486
0.03947048813626185
-2.210176528664527
0.7039024619473158
0.03961904386389691
-2.2877897647308254
0.7692999276581147
0.16768914782927485
-2.217312715600704
0.8639390548838537
0.09602021283527903
-2.1580817193184956
0.8639390548838537
0.09602021283527903
-2.1580817193184956
0.8003413878184167
0.10435702456113537
-2.2121218698703133
0.8733172443080298
0.0954049531433683
-2.2023975413102344
0.8300487570847646
0.07009807149836807
-2.2194690742827197
0.8298325575168147
0.05273238658231218
-2.2198187585407116
0.4822723770716113
0.05416170869473397
-2.4170901868628256
0.7868935169640419
0.10509141522205441
-2.247874673778061
0.9300887037444074
-0.027601047069516094
-2.267438028913748
0.5502506735206631
0.0529980360548376
-2.520709924298135
0.4894416505209745
0.3102191489822754
-2.46316568535724
0.8482297859502832
0.14862739642014794
-2.4749022113415697
0.6349294210726996
0.13606224587393329
-2.386418988010806
0.3988913240645169
0.13060339994499798
-2.490480883435141
0.5675232388897546
0.4185211962502577
-2.425712318170279
0.2504536250226244
0.18384010482272192
-2.538592099753738
0.6173096559948552
0.17051423267860202
-2.403881453745406
0.6852194655742007
0.22193932627772123
-2.4341564930296595
0.5439194095573608
0.14617414644793306
-2.497146863181629
0.549052958320802
0.09693819004252824
-2.537425587615253
0.549052958320802
0.09693819004252824
-2.537425587615253
0.549052958320802
0.09693819004252824
-2.537425587615253
0.6276456605986018
0.16120833390463413
-2.511354980946529
0.6632906427060662
0.08967712392118549
-2.432492916545178
0.613962997973343
0.15653376365292934
-2.4745633099652617
0.4398844214579302
0.027812138574946688
-2.594467361490003
0.6698548980123407
0.21139683811187002
-2.433874130540808
0.6698548980123407
0.21139683811187002
-2.433874130540808
0.8886860821810659
0.07052663748015864
-2.4358239411441307
0.7463600636057072
0.1857541337934124
-2.486834936630699
0.7429896226816128
0.1659359512456941
-2.429870383230676
0.6604081846541389
0.09665241620672672
-2.501777155282671
0.5206804845946333
0.11365648536875451
-2.5706763875942675
0.7668905301795416
0.07072435874230965
-2.4334592595448736
0.6672490502620014
0.3103534199884655
-2.4587007494794744
0.6421951356056934
0.1157069759582602
-2.5249317778061857
0.8120332827422894
0.028101592394078334
-2.4190197838361915
0.7419225587699927
-0.10243996777343692
-2.555745911058535
0.32172575565977396
0.19044964914624085
-2.6280225833962763
0.32172575565977396
0.19044964914624085
-2.6280225833962763
0.32172575565977396
0.19044964914624085
-2.6280225833962763
0.32172575565977396
0.19044964914624085
-2.6280225833962763
0.32172575565977396
0.19044964914624085
-2.6280225833962763
0.32172575565977396
0.19044964914624085
-2.6280225833962763
-0.026262916778872634
-0.08713117461450366
-2.795244989038392
-0.026262916778872634
-0.08713117461450366
-2.795244989038392
0.38490489088002494
-0.027311619349405025
-2.7162683019471547
0.38490489088002494
-0.027311619349405025
-2.7162683019471547
0.38490489088002494
-0.027311619349405025
-2.7162683019471547
0.4816210366491562
0.2691886946783511
-2.692654067828817
0.7053362651337722
-0.037907690926939366
-2.6459322035044837
0.8043621577063537
0.1974964345685706
-2.522357086661614
0.4543471903234926
0.32340217190375536
-2.75615647503222
0.7464536875367195
0.16819969412184624
-2.65391973329185
0.787751376546499
0.32779595339041934
-2.590017996957189
0.7407595914042494
0.16514786528019296
-2.6138107795059753
0.7367384740184391
0.03074898923763399
-2.601618450522324
0.6320485552093895
0.1820521329012366
-2.6342956397113877
0.4327158854765427
-0.030100046447535073
-2.8156082215789415
0.4327158854765427
-0.030100046447535073
-2.8156082215789415
0.44621233639174546
0.27087786208500797
-2.7248628187858728
0.44621233639174546
0.27087786208500797
-2.7248628187858728
0.32914491749098723
0.27983598040462254
-2.8057093030146065
0.37689105525932143
-0.07178042579644446
-2.8034791036863402
0.37689105525932143
-0.07178042579644446
-2.8034791036863402
0.6527786845038592
0.24264884020957456
-2.7575849221580184
0.8778805234205158
0.014107098723763437
-2.6023758021957226
0.9881664579992762
0.005203755665224438
-2.538906311534307
0.8817387216108898
0.008953842148794026
-2.6024016857397343
0.8242064014945285
0.058140944472304355
-2.6201174729182
0.7563942974639021
0.1398065179621387
-2.6577811455982925
0.7888380937626706
0.2647748157471282
-2.6285898183072853
0.5215377107414598
0.08156804627067242
-2.782384713760813
0.6957564607567343
0.06680413926706838
-2.700369427463706
0.8382211008672801
0.05191122803151483
-2.6611318031232263
0.8382211008672801
0.05191122803151483
-2.6611318031232263
0.8324896160473921
0.07874809022971777
-2.687488662930013
0.5940168427601449
0.31036159136982894
-2.7843775955347057
0.5677829904236376
0.09319998583081872
-2.942503166515095
0.6342791135186514
0.24924514935223993
-2.819148084827376
0.6540990622092338
0.1863799714002052
-2.795792343834022
0.8755709898660681
0.09357044428018596
-2.7194421685013253
0.7157506851323352
0.10224498760838904
-2.7443515641651746
0.9230486420555997
0.0156273110898541
-2.686532971899262
0.875871198783686
0.0769719385610648
-2.7484573162024497
0.6375047188532198
0.017523626053403726
-2.8148029530543055
0.6375047188532198
0.017523626053403726
-2.8148029530543055
0.5557366035634159
0.10312925643875727
-2.878644534111246
0.5557366035634159
0.10312925643875727
-2.878644534111246
0.48477570305180273
0.28168787186024935
-2.8693266036436027
0.30542411356487886
0.2122969067696548
-2.95197296601793
0.001953506927308762
0.6801431365449977
-2.9334356082356248
0.044025511474139994
0.39922967492433165
-2.9352976463644276
0.044025511474139994
0.39922967492433165
-2.9352976463644276
0.044025511474139994
0.39922967492433165
-2.9352976463644276
0.044025511474139994
0.39922967492433165
-2.9352976463644276
0.044025511474139994
0.39922967492433165
-2.9352976463644276
0.044025511474139994
0.39922967492433165
-2.9352976463644276
0.044025511474139994
0.39922967492433165
-2.9352976463644276
0.044025511474139994
0.39922967492433165
-2.9352976463644276
0.044025511474139994
0.39922967492433165
-2.9352976463644276
0.044025511474139994
0.39922967492433165
-2.9352976463644276
0.044025511474139994
0.39922967492433165
-2.9352976463644276
0.044025511474139994
0.39922967492433165
-2.9352976463644276
0.044025511474139994
0.39922967492433165
-2.9352976463644276
0.007599329278399481
-0.09731146663369535
-3.1219446426129767
0.007599329278399481
-0.09731146663369535
-3.1219446426129767
0.3119405452975406
0.2115387240238599
-3.007167407605149
0.14220870267547997
0.5385724879560504
-2.991459878647712
0.14220870267547997
0.5385724879560504
-2.991459878647712
0.14220870267547997
0.5385724879560504
-2.991459878647712
0.14220870267547997
0.5385724879560504
-2.991459878647712
0.3126773268236899
0.4998185332096296
-2.996804557573682
0.7702762265821429
0.08912426221673711
-2.887943889235027
0.8350460997103903
0.01965312914113649
-2.8216692267154406
0.8543533613468974
0.007037110917397145
-2.8385664907002024
0.7702762265821429
0.08912426221673711
-2.887943889235027
0.5864332538313435
0.12657725337073322
-3.146157746368417
0.9791343368480689
0.0032456804810559506
-2.8057404862458246
0.8802822246426506
0.166430118427651
-2.9055723248522045
0.8719648379902604
0.1519955325379586
-2.8279223269499587
0.8719648379902604
0.1519955325379586
-2.8279223269499587
0.9136760410519306
0.09204382449795845
-2.8262969580044524
0.829722223183982
0.27015397281801673
-2.877151683374909
1.0837502575210083
0.07729675693189923
-2.8159489456713978
1.0837502575210083
0.07729675693189923
-2.8159489456713978
0.8659793349177124
0.15964819637279476
-2.888986226953593
0.9361327305755643
0.0669161804011489
-2.844831068816098
0.9361327305755643
0.0669161804011489
-2.844831068816098
0.7959122037380983
0.08468851423968851
-2.940269561249382
0.8753646360401133
-0.01642405553128469
-2.92033441998893
0.8753646360401133
-0.01642405553128469
-2.92033441998893
0.941554170800344
-0.07779847688561495
-2.8445043816070106
0.9051576845647805
0.0054246560645754924
-3.023280922485131
0.5638217509442819
0.1610762870934174
-3.070926166226819
0.10472015824185761
0.6258136932634494
-3.1155244933091666
0.23188693751652611
0.3374421057769518
-3.1423813274965386
0.13056037662184103
0.6063340074832522
-3.1470323161977283
0.5604636433630975
0.15493487379782228
-3.1279336209943227
0.7490490887436111
0.19072516052720404
-3.020888828449819
