0.41803123200964987
0.10622768195525424
-1.0680176807565027
0.41803123200964987
0.10622768195525424
-1.0680176807565027
0.4228333896965723
0.11181521423803989
-1.061899455018834
0.4228333896965723
0.11181521423803989
-1.061899455018834
0.40871977732757886
0.1175695388792309
-1.0731430383388125
0.4228333896965723
0.11181521423803989
-1.061899455018834
0.3647030024962108
0.1421919121028038
-1.0999268934378192
0.3490989702903463
0.15030233996926368
-1.110227801747274
0.46264440700071224
0.10557692586920703
-1.0215795413857895
0.46788986257547094
0.09748276406916255
-1.0207054942067577
0.47701796721401435
0.10370345278260773
-1.0244897970086106
0.4683972097594389
0.09545712590722387
-1.0268267729770453
0.4463347720662454
0.08314416653309228
-1.0624752748646034
0.4542295825264465
0.10724385349661546
-1.0544878744616373
0.4558921821761437
0.08046269494477032
-1.0576520375156877
0.44658717866098224
0.11656989273565474
-1.066651034140677
0.44485786953177275
0.09299183616063282
-1.0683861364819156
0.4529242053077745
0.104471776791308
-1.0685049476978061
0.41125195939235953
0.1155938665068139
-1.1252470533407926
0.3523706198866833
0.04911046324116296
-1.19033793584689
0.31379596957063205
0.07400505546258584
-1.2202020405988143
0.43773333751662075
0.09174932722845602
-1.1063737142614032
0.4234198754131898
0.11861121472582821
-1.1192688457699507
0.44067836245228414
0.0855850934207772
-1.1102428377766753
0.4453761295949115
0.12637215344284491
-1.1114337483751489
0.4549055098659921
0.10752535228004799
-1.1036334559807812
0.5459589132350706
0.11238406771887954
-1.069219700554373
0.44739696879376156
0.10931849386453829
-1.1142657337818422
0.43776737526576587
0.11372769101838176
-1.1503615391513937
0.4221175734080343
0.06700277813748526
-1.1580495122024779
0.42570197438581653
0.1335509075901719
-1.1696278491037806
0.4754798047562628
0.10803623146120078
-1.1347413075806105
0.4649461467407558
0.08481702857122381
-1.1297003362218674
0.520330972741364
0.13006178518569025
-1.136048573928967
0.4528776571090608
0.11077641176181227
-1.1405552064827962
0.4753146905657185
0.06617255459499741
-1.1518231072187022
0.4487045788893037
0.08774871136447707
-1.1586866242768756
0.4475996979858218
0.11084071892097959
-1.1595004967356524
0.4674628815442485
0.08434618514595753
-1.1826512509730949
0.4936147061482205
0.08908482614081004
-1.1481559678454583
0.4049249235174091
0.0896216003905726
-1.2263609639554272
0.48606189979457454
0.10493414504675284
-1.19859939884754
0.47666485019909033
0.09081301531696011
-1.162284480739401
0.43316870758869924
0.09449245056364489
-1.211262676003787
0.4434493880560623
0.11447299848969845
-1.2022192346395093
0.4864001773769939
0.09856228456352975
-1.170413614418189
0.4381355221523803
0.11041191137605824
-1.2086585954013793
0.4367890904592796
0.09129644154353879
-1.2223069796655515
0.36102746590473384
0.14870744995977062
-1.2770400753544786
0.34267021216756866
0.15115403482111792
-1.2912353729217116
0.4435011697302284
0.10015310037962287
-1.2226957933197267
0.47194303047718167
0.06072584172388292
-1.211604761497554
0.4644273845498895
0.0952046001194501
-1.2091075939968934
0.4648026621523411
0.07386474979257909
-1.2216991898613792
0.4759308296205714
0.07932388895088566
-1.2165106072342613
0.542692468560714
0.08736209845444873
-1.2133685965374374
0.47345101022907726
0.10284330100167297
-1.2176353079453806
0.43250718913520125
0.06099122795176056
-1.260868660902692
0.39630333150662567
0.08178830443990938
-1.2959865532232113
0.34653122211949355
0.10410249276008318
-1.3310947042251193
0.3798386041265109
0.060632767564470794
-1.3219130447495606
0.4462175469403476
0.07193324204442633
-1.2726960374455552
0.368104238703437
0.11438448558799649
-1.3367824155735764
0.4715589321376407
0.08648210792501274
-1.2605476344525575
0.48725512063771437
0.07672764983875274
-1.2767703024057517
0.4393256868895957
0.08034042052664717
-1.3029144134001416
0.4646205851720035
0.0740013800161432
-1.2948388473209718
0.4694670544447826
0.10274471842852813
-1.2824684873379775
0.4082052230554017
0.10163043329217342
-1.352586302046271
0.4603488821600633
0.08827202990118467
-1.3263639117701194
0.4409168363622393
0.07891341901371791
-1.3221659190081447
0.44106706350853303
0.07627496299737699
-1.3221285192907826
0.4366538697109322
0.06916601624397996
-1.329862414571056
0.4565247362434864
0.09054371570913049
-1.3247873851688587
0.4307766595593522
0.08364922012352148
-1.3439753705987074
0.465818876723557
0.06608774118253455
-1.3226594716615916
0.43598661607659467
0.077706355055231
-1.348593865760797
0.3711803035091614
0.1019269131084458
-1.4020825168811724
0.4266300444541696
0.06428609630594265
-1.3681362859256574
0.3918712955248749
0.1211386801160455
-1.3938410547895157
0.39197585768805826
0.11814499419375595
-1.393954644540757
0.37043133575682824
0.11916686307888749
-1.411384910020155
0.38863519256397855
0.06640120763277298
-1.3964271039353104
0.4282187863158727
0.055218981354829534
-1.3903534532841682
0.36785020804107643
0.1240224957986862
-1.4217491654207137
0.4645397373804708
0.08560607806278121
-1.3677330769489147
0.3970304195148797
0.106100238019489
-1.42393077596429
0.4417485002292316
0.13288042960854415
-1.3984392867817141
0.4839551817000304
0.09859339390447662
-1.3900674134481497
0.3583777265964266
0.07312606490259527
-1.466204869008218
0.4868823959032658
0.05709837378490055
-1.3804440310776116
0.48771243581091395
0.08251831054710265
-1.3846841851119431
0.4342004189346724
0.08522069271465775
-1.4180410923452529
0.3939102937517449
0.10788654357524276
-1.4462528857869184
0.4890756066817371
0.08013044703888782
-1.3952194609506898
0.44952774247488786
0.07161529525420589
-1.4269707873238384
0.4594962307833065
0.11336550343526214
-1.444147898256367
0.45156434160899567
0.10516078041801706
-1.441394364251679
0.4496859639740961
0.0731154740970578
-1.4382690086911736
0.4367062751372659
0.09993790928937668
-1.4514305876375817
0.4844682041131286
0.056964684298376235
-1.440354589734152
0.4376619058655087
0.13130036900449907
-1.4523490486658681
0.3923387395904362
0.10873926873792428
-1.4820041045370773
0.42230319850766235
0.10692544626552691
-1.468695456912762
0.4838833352588775
0.0713478241971082
-1.4509327854530465
0.39898432592711247
0.10336442572872168
-1.4978095379948972
0.3966468196423423
0.02292555952034631
-1.510985509827592
0.4074659936730614
0.04462736790980682
-1.500879342640633
0.4422217192307698
0.08833733841095344
-1.4816045995879532
0.47040098055999674
0.11481046294657317
-1.5081310043238758
0.4730697711570042
0.08490321250279112
-1.4898997206802265
0.5281029193959254
0.09352807372793362
-1.4700741062024418
0.3688744426448232
0.09837582347918067
-1.5578683391809869
0.43873938871214224
0.10141084387110036
-1.5019676651435703
0.3270375241290157
0.14818722686912497
-1.5616313784724936
0.42753030787275553
0.07003206740068404
-1.5307616418371697
0.4339109024854133
0.10846458093645986
-1.5239492161176056
0.43649496225080886
0.09431438560007656
-1.5388816460990404
0.19738826373713494
0.21348008858543296
-1.6368268325313642
0.44703084021425543
0.07205645397469095
-1.5469329149479567
0.5137069868835276
0.08815844628885
-1.5153663509489415
0.4696540680010164
0.09320147889165949
-1.5368771032709458
0.4429963823126571
0.10575207407294139
-1.554666641586106
0.4939191446840291
0.12001125228614716
-1.5397204602590895
0.4939191446840291
0.12001125228614716
-1.5397204602590895
0.49161910099977435
0.06971569270788809
-1.5371302520745247
0.25689955093094075
0.14476345796495727
-1.657610918501912
0.38084273069835084
0.13062711794624418
-1.613763054095802
0.3226738724077739
0.06298593396185448
-1.6384447777611062
0.3792338665257091
0.12075540283598929
-1.6143965339781532
0.49421269386554845
0.09859148519180891
-1.5543558861573
0.40997502839710775
0.07801660317354175
-1.6176741330672761
0.35429830111467514
0.0932396146253071
-1.6434988942014572
0.44680336965353795
0.0737243656387033
-1.6005865291719585
0.42811168216083983
0.09198416414174926
-1.618910043728833
0.41111842739247345
0.11378341324924081
-1.6363059903050692
0.3990662752550344
0.12582028112196197
-1.6309849760240915
0.43169895282373383
0.0959777717260452
-1.6343336746138977
0.4606788538015441
0.06248409511411825
-1.6202144106606513
0.4105849587439989
0.07616072253533798
-1.6480827229077972
0.5121912624597559
0.09774787495853565
-1.6008613840384989
0.5067330487833427
0.10543747957527552
-1.6109264207461806
0.5472354394047558
0.16155112960570292
-1.5943700460499375
0.43995905528779056
0.1393066388182533
-1.6389210101348677
0.4272552667836599
0.08748021824619313
-1.6492320573482828
0.3029061620991983
0.182062997260638
-1.7360415688514468
0.5157859304011614
0.09091584626295257
-1.6306227080374003
0.40556784973104754
0.13313726568072584
-1.680891684894385
0.4072790613632556
0.06532830434441676
-1.6952847817233876
0.428431378283064
0.08438407164099994
-1.6811187075003609
0.46347952437735085
0.10926548063925912
-1.6863228615363761
0.4351184757728362
0.011550311505246918
-1.7068663728210445
0.4817924089138611
0.07052694641722798
-1.6673270729676624
0.35831461551306465
0.02968583821129662
-1.7341937995279675
0.394639074663095
0.07703544420260834
-1.7416097446213334
0.34606240388400633
0.14169690024729759
-1.779881688968272
0.30968058638629925
0.17546694956818715
-1.7570989068377307
0.4281540410063631
0.09179377201566068
-1.713633280101825
0.5660314652533456
0.08018981618464761
-1.6632962748284001
0.5660314652533456
0.08018981618464761
-1.6632962748284001
0.5031286260241904
0.12399257985417407
-1.6956615080705988
0.5652244257950032
0.07332122112837483
-1.682488422280819
0.427418820464712
0.08882567518482956
-1.7480295105304402
0.47016549300884636
0.10905306508027666
-1.7234232802938048
0.45154417588859536
0.1402870250476946
-1.7418098769437373
0.48211377841581016
0.07511572251717144
-1.7156844029725278
0.525162011052753
0.08495624735015092
-1.7403253125941638
0.42819723778029756
0.0826007737297878
-1.7661957490713418
0.4828534643354781
0.02740196814165285
-1.7717113384563532
0.44091274669591607
0.07231588509572534
-1.7715841391227305
0.5869739869835559
0.08314043231062017
-1.7592998269280786
0.5059099074224711
0.09154665869204003
-1.7913778519579857
0.6020823367524698
0.0617751521631442
-1.735508689258148
0.6020823367524698
0.0617751521631442
-1.735508689258148
0.6020823367524698
0.0617751521631442
-1.735508689258148
0.6020823367524698
0.0617751521631442
-1.735508689258148
0.6020823367524698
0.0617751521631442
-1.735508689258148
0.47245807693112085
0.11836428028724312
-1.827484059826725
0.35885904642864014
0.1782403541883003
-1.8795803078319733
0.3003961726764744
0.17559786659990667
-1.8688398981645087
0.4866403049929953
0.08223768232172551
-1.785737040400504
0.43545242416450336
0.11098337002915232
-1.8243180879792265
0.5923055025303773
0.14557095544392443
-1.7656382895040406
0.5469468158001477
0.16473161206049877
-1.7847201701908497
0.4190048740651603
0.09811115863173839
-1.8393028109587535
0.22319150759453207
0.121060264268083
-1.9195324823502065
0.33749477964080143
0.13203253533716822
-1.8929287205280567
0.3370570665486229
0.12912715807543962
-1.8932740978570766
0.42154613302090826
0.10942647237569954
-1.8789301305489456
0.3335599255876348
0.13770551425731012
-1.8707354954700615
0.5397558285355053
0.10407183704605204
-1.8360439672388797
0.3893409729895771
0.221723248202956
-1.9394581540504656
0.4133466955478598
0.11341693715750048
-1.8778117035035142
0.30190876652865095
0.18954192516311108
-1.9274656275968143
0.48376569916866907
0.08827234364928166
-1.8417642790047117
0.45648804495665124
0.12364969668202154
-1.8646708370723406
0.5385330357493943
0.11478284125506451
-1.8540130282346459
0.44258103839750945
0.11008550856600757
-1.9099460698530086
0.5094709430094155
0.06793345496447989
-1.874426039045746
0.52883986602155
0.04470083439327851
-1.8616550803817347
0.5008925316072068
0.21804145012302273
-1.8760366238659159
0.4345193088408485
0.10899664132618332
-1.9090898539479348
0.3907666872211192
0.025459521507315404
-1.9492188466667215
0.5137758470331337
0.11880411762452706
-1.881861202409195
0.4591139111839526
0.12320127016821995
-1.9274174041002763
0.40176533517798413
0.1163779048838096
-1.940421285497931
0.43182598545447165
0.1162041530469407
-1.9297837639125772
0.45321294963366476
0.1315313989711528
-1.9259751876101112
0.48133749167200773
0.10027617709584696
-1.9228853816488432
0.4936256280747504
0.09241023662313809
-1.9295591871622502
0.5538843284411138
0.08807116341115873
-1.9041280928204314
0.5709215031955907
0.14539090609169059
-1.8784279758032751
0.6576167829475961
0.0009730001719181756
-1.9300349947728248
0.3896920554525696
0.13871318844291478
-1.9825867488218218
0.5323656235835414
0.13524718208868716
-1.9131837693579754
0.4667604375135176
0.16699995283905558
-1.9956540160049587
0.5502306200122755
0.09298923011952183
-1.924952381404022
0.44363867864501316
0.14703678163674633
-1.9679123675466688
0.27914948625988784
0.19394232167877684
-2.0136325628572056
0.4988270829731209
0.11268063607514786
-1.9558695536902593
0.22308453022077512
0.3764446370525277
-2.0022323946702825
0.3845967919290889
0.01382957062251779
-2.0234791079074372
0.3845967919290889
0.01382957062251779
-2.0234791079074372
0.3001216100162196
0.08616920398835227
-2.0469427952088184
0.35043096142423263
0.042904690990728626
-2.0415570039379713
0.11446993198520722
0.36193973853242234
-2.066333717303841
0.11446993198520722
0.36193973853242234
-2.066333717303841
0.2000054177541225
0.6911708581811049
-1.9907570014368465
0.2000054177541225
0.6911708581811049
-1.9907570014368465
0.12067376695798772
0.3901163645280609
-2.0810777827731415
0.12067376695798772
0.3901163645280609
-2.0810777827731415
0.4627163870542669
0.13305351310437416
-2.034106095178097
0.47200773074838875
0.11452652986633381
-2.017928461048037
0.455055071032024
0.17281974248741191
-2.0230592435686106
0.5090982566150436
0.14921819771998432
-2.017259468753389
0.19986137287855343
0.23283239693054394
-2.1249955549184874
-0.15598209991843937
0.5886638803807134
-2.1718530400522904
0.0491377836316556
0.5542972659509073
-2.1032220929353564
0.0491377836316556
0.5542972659509073
-2.1032220929353564
0.0491377836316556
0.5542972659509073
-2.1032220929353564
0.0491377836316556
0.5542972659509073
-2.1032220929353564
0.0491377836316556
0.5542972659509073
-2.1032220929353564
0.0491377836316556
0.5542972659509073
-2.1032220929353564
0.0491377836316556
0.5542972659509073
-2.1032220929353564
0.003226387095679731
0.6487023997251277
-2.104554011513519
0.003226387095679731
0.6487023997251277
-2.104554011513519
0.003226387095679731
0.6487023997251277
-2.104554011513519
0.003226387095679731
0.6487023997251277
-2.104554011513519
0.003226387095679731
0.6487023997251277
-2.104554011513519
0.06668585338118532
0.510441734122955
-2.191392553015958
0.20980571554579056
0.27513917977760244
-2.1751324813212296
0.11647208615283791
0.45011390778494226
-2.1686979308570367
0.2785783138519213
0.20827039959453653
-2.1715393275147767
0.4817863933368597
0.061347417827276346
-2.1378588584428297
0.5569614704289305
0.18236371044577812
-2.1043264703340983
0.4030413506131617
0.23126951249420827
-2.2782942623237132
0.5169616474657561
0.10323930454304973
-2.139960694574925
0.16936140292764318
0.20811619354363758
-2.2198299338190113
0.16936140292764318
0.20811619354363758
-2.2198299338190113
0.5157269511820882
0.07073721382946038
-2.1420765922965868
0.39177697125686317
0.13323046327657492
-2.161539454815455
0.48478481987601324
0.038068982556534445
-2.145327197846371
0.46601481266188843
0.05824594630158199
-2.1647818427441656
0.46601481266188843
0.05824594630158199
-2.1647818427441656
0.10645396823682247
-0.27878408998771403
-2.2603811478835385
0.32916669011456823
0.08261535076073113
-2.2440558578062926
0.32916669011456823
0.08261535076073113
-2.2440558578062926
0.40671712335479715
0.10964094702872822
-2.1982063465069643
0.047462652318805774
0.4287201509671736
-2.2493682998236992
0.047462652318805774
0.4287201509671736
-2.2493682998236992
0.1818352092214701
0.3858454322798087
-2.2725076939797884
0.30824308255994315
0.10562543698126724
-2.2429776533483077
0.33307640394952054
0.40910797031967666
-2.214062918372381
0.2998187491999494
0.09980347413212413
-2.273016030741472
0.4046833950256616
-0.06264033430943548
-2.355421672692479
0.24733351733537737
0.17637791771132375
-2.2984818765904773
0.588159244238298
0.12823041764844828
-2.2632393304807437
0.45363498737732605
0.14903236100021616
-2.227843359568192
0.13103794070741007
0.5026850715853672
-2.2759221284645332
0.13103794070741007
0.5026850715853672
-2.2759221284645332
0.13103794070741007
0.5026850715853672
-2.2759221284645332
0.13103794070741007
0.5026850715853672
-2.2759221284645332
0.4684500493520052
0.2923938291367864
-2.320179963585843
0.4684500493520052
0.2923938291367864
-2.320179963585843
0.44996748974354556
0.145912466326667
-2.2886399192396256
0.37591289155853236
0.16475398624214044
-2.3465720291099847
0.44001552868614047
0.15047575580137024
-2.2881303765964676
0.5191689591663755
0.0662196876908199
-2.293885341294126
0.25213469983528647
0.0899285954503034
-2.3673356773240446
0.25213469983528647
0.0899285954503034
-2.3673356773240446
0.16641913860949326
0.013572053036297745
-2.3981045282370843
0.16641913860949326
0.013572053036297745
-2.3981045282370843
0.16641913860949326
0.013572053036297745
-2.3981045282370843
0.16641913860949326
0.013572053036297745
-2.3981045282370843
0.16641913860949326
0.013572053036297745
-2.3981045282370843
0.18914508067083058
0.21755270356886316
-2.3864478953081325
0.17359266390693154
0.3710539130813203
-2.3679258784296446
0.5652549582686106
0.11950031344292401
-2.2947965633108693
0.17893482336266772
0.4259500276642942
-2.4569612231876206
0.43051425259460013
0.029670249958337412
-2.375668399144647
0.1750695632688277
0.24504603253018847
-2.414521859248123
0.07681250925179978
0.48143369711642925
-2.3681030867391617
0.34920886191222683
0.09803619899743281
-2.3835453825543853
0.5162833990397723
-0.08062489392472898
-2.3559121790550224
0.4260829887217709
0.16169277233904145
-2.350682186755802
0.27128113184359387
0.24371125869155522
-2.391817507909183
0.27128113184359387
0.24371125869155522
-2.391817507909183
0.27128113184359387
0.24371125869155522
-2.391817507909183
0.4240496430206772
0.03343122972132751
-2.375920064395013
0.3527682563682727
0.09845483771310232
-2.4526010789971235
0.29842319685558605
0.15620303050528556
-2.4409976752806397
0.5101528135621025
0.0682316855758182
-2.39116315523709
0.29207024525148684
0.1737433791535894
-2.5499411217552694
0.22004473430383734
0.4186439122227034
-2.4518141897303884
0.22004473430383734
0.4186439122227034
-2.4518141897303884
0.4593734595924213
0.20174494283517863
-2.4586421845322177
0.4593734595924213
0.20174494283517863
-2.4586421845322177
0.4593734595924213
0.20174494283517863
-2.4586421845322177
0.4593734595924213
0.20174494283517863
-2.4586421845322177
0.4593734595924213
0.20174494283517863
-2.4586421845322177
0.4593734595924213
0.20174494283517863
-2.4586421845322177
0.22129240641918038
0.34559666589990723
-2.5393804621495386
0.4889121173811819
0.10203886863076353
-2.4494259409391606
0.6267187721925381
0.23991294580928674
-2.3751036659665274
0.6267187721925381
0.23991294580928674
-2.3751036659665274
0.6267187721925381
0.23991294580928674
-2.3751036659665274
0.6267187721925381
0.23991294580928674
-2.3751036659665274
0.6267187721925381
0.23991294580928674
-2.3751036659665274
0.6267187721925381
0.23991294580928674
-2.3751036659665274
0.6267187721925381
0.23991294580928674
-2.3751036659665274
0.6267187721925381
0.23991294580928674
-2.3751036659665274
0.6267187721925381
0.23991294580928674
-2.3751036659665274
0.6267187721925381
0.23991294580928674
-2.3751036659665274
0.4457708009843588
0.13469398798503726
-2.5023317163324035
0.4457708009843588
0.13469398798503726
-2.5023317163324035
0.5142149334482979
0.06302980316813253
-2.534070914693282
0.5142149334482979
0.06302980316813253
-2.534070914693282
0.14544368813661296
0.4893230656547697
-2.5465812643976715
-0.022313123839222012
0.6678471667430772
-2.532414439257727
-0.022313123839222012
0.6678471667430772
-2.532414439257727
0.16623008339581502
0.7539557419102166
-2.496767369066219
0.16623008339581502
0.7539557419102166
-2.496767369066219
0.16623008339581502
0.7539557419102166
-2.496767369066219
0.1270601697862875
0.5456768425216256
-2.5918872686536796
0.1270601697862875
0.5456768425216256
-2.5918872686536796
0.1155450372679821
0.67584867792173
-2.5446859840864686
0.1155450372679821
0.67584867792173
-2.5446859840864686
0.1155450372679821
0.67584867792173
-2.5446859840864686
0.1155450372679821
0.67584867792173
-2.5446859840864686
0.1155450372679821
0.67584867792173
-2.5446859840864686
0.13773212560106718
0.4280415384279686
-2.655740678499482
0.13773212560106718
0.4280415384279686
-2.655740678499482
0.1815259919265586
0.19548360432188677
-2.670649519537859
0.4154579542529111
-0.09979283343837762
-2.6288481307080773
0.4154579542529111
-0.09979283343837762
-2.6288481307080773
0.4154579542529111
-0.09979283343837762
-2.6288481307080773
0.689320735486631
0.031095078570685174
-2.5497465747509374
0.6055346646383741
-0.05787295895119375
-2.594123760095737
0.40368734808704393
0.0028971837869567374
-2.6326464437074812
0.1736082078320699
0.20415771819575954
-2.6689533894663584
0.07450443208257108
0.6897048905111571
-2.7359447188615835
0.052079109075617774
0.6206845182077859
-2.644314061976107
0.052079109075617774
0.6206845182077859
-2.644314061976107
0.052079109075617774
0.6206845182077859
-2.644314061976107
-0.00549012344240909
0.33963930944562754
-2.7085813121175732
-0.00549012344240909
0.33963930944562754
-2.7085813121175732
-0.00549012344240909
0.33963930944562754
-2.7085813121175732
-0.00549012344240909
0.33963930944562754
-2.7085813121175732
0.04515036479284837
0.6668353282106324
-2.645567501385224
0.04515036479284837
0.6668353282106324
-2.645567501385224
-0.0243322146654346
0.9951623668569434
-2.5423914236639424
0.036417836583514045
0.6825323644580743
-2.686596792484036
0.036417836583514045
0.6825323644580743
-2.686596792484036
0.036417836583514045
0.6825323644580743
-2.686596792484036
0.47322229691466605
0.20528303370730605
-2.75255268242639
0.36618411991026656
0.3878687731548204
-2.6888843664390016
0.6043279205568329
-0.0646514570317568
-2.6764538818161663
0.6043279205568329
-0.0646514570317568
-2.6764538818161663
0.5837056795771685
0.27878701605961936
-2.673142749162782
0.3767357577334801
-0.0032610930212409626
-2.761094830438791
0.5080008403762246
0.05714953416199368
-2.739737131422137
0.2758006020549323
0.5409829265605379
-2.7095810380605876
0.2758006020549323
0.5409829265605379
-2.7095810380605876
0.2758006020549323
0.5409829265605379
-2.7095810380605876
0.2758006020549323
0.5409829265605379
-2.7095810380605876
0.2758006020549323
0.5409829265605379
-2.7095810380605876
0.03437751308787206
0.5264634158083408
-2.7551641422443987
0.03437751308787206
0.5264634158083408
-2.7551641422443987
-0.19745311048730543
0.7596180508818487
-2.813690663506738
0.18868541869328942
0.34295725696387575
-2.8372846060688173
0.18868541869328942
0.34295725696387575
-2.8372846060688173
0.41209150461334126
0.2660005328102672
-2.775965547929749
0.3548227066321022
-0.14886940866746434
-2.8003177012163407
0.6144399645388653
0.18207498234141734
-2.7511472918400672
0.6144399645388653
0.18207498234141734
-2.7511472918400672
0.6144399645388653
0.18207498234141734
-2.7511472918400672
0.6144399645388653
0.18207498234141734
-2.7511472918400672
0.6305098981310823
0.1776468219356621
-2.7969380450872303
0.1807750558840821
0.6790868896182367
-2.8305087322726967
0.1977374462706358
0.2250572317947768
-2.8984075847883672
0.3340740279651721
0.014491094586204347
-2.855587754253876
0.49874165061935277
0.07344720428690502
-2.8798326903376745
0.18808331688294316
0.27046495998282216
-2.993917988254909
0.41190828897154974
0.31597976078970225
-2.912321321028659
0.41190828897154974
0.31597976078970225
-2.912321321028659
0.48546470099987143
0.06676801037069603
-2.8320284844710435
0.06873959514168351
0.5588617731452625
-2.86137946259138
0.49205689367080413
0.06609757676296577
-2.880052983938702
0.17665214054643238
0.23160248004280773
-2.896374407693048
0.17665214054643238
0.23160248004280773
-2.896374407693048
0.17520017463902265
0.27279450004800054
-2.9928167174566025
0.17520017463902265
0.27279450004800054
-2.9928167174566025
0.17520017463902265
0.27279450004800054
-2.9928167174566025
0.17520017463902265
0.27279450004800054
-2.9928167174566025
-0.0452276993311872
0.7513773313206671
-2.944851904551177
-0.0452276993311872
0.7513773313206671
-2.944851904551177
-0.0452276993311872
0.7513773313206671
-2.944851904551177
-0.0452276993311872
0.7513773313206671
-2.944851904551177
-0.046540749123975184
0.5118070949325234
-2.936867709160742
-0.046540749123975184
0.5118070949325234
-2.936867709160742
-0.046540749123975184
0.5118070949325234
-2.936867709160742
-0.046540749123975184
0.5118070949325234
-2.936867709160742
-0.06366447119745566
0.7059459369801593
-2.873870669192954
0.22381908491134744
0.35823091886975733
-2.9987556581530117
0.06860175435654166
0.6525230821898936
-3.0490548927766516
0.06860175435654166
0.6525230821898936
-3.0490548927766516
0.06860175435654166
0.6525230821898936
-3.0490548927766516
0.06860175435654166
0.6525230821898936
-3.0490548927766516
0.06860175435654166
0.6525230821898936
-3.0490548927766516
0.06860175435654166
0.6525230821898936
-3.0490548927766516
0.06860175435654166
0.6525230821898936
-3.0490548927766516
0.434095717284144
0.29326111684919204
-2.9837848412166665
0.4700331038416942
0.08056788693816179
-2.9820821237263866
0.4700331038416942
0.08056788693816179
-2.9820821237263866
0.4663676580493528
0.0845086448895182
-2.9821607816025755
0.13594756676762182
0.30681402651988254
-2.9831933178481376
-0.15402718998246012
0.2520488922278951
-3.00235400423873
-0.15402718998246012
0.2520488922278951
-3.00235400423873
-0.15402718998246012
0.2520488922278951
-3.00235400423873
-0.15402718998246012
0.2520488922278951
-3.00235400423873
-0.06176005373102924
0.5702441885052955
-3.0235224704776154
0.4618617990080508
0.0802853976481443
-3.0357818885007037
0.4618617990080508
0.0802853976481443
-3.0357818885007037
0.46203200397735733
0.06436533542634486
-3.035870275561187
0.46203200397735733
0.06436533542634486
-3.035870275561187
0.46203200397735733
0.06436533542634486
-3.035870275561187
0.46203200397735733
0.06436533542634486
-3.035870275561187
0.46203200397735733
0.06436533542634486
-3.035870275561187
0.46203200397735733
0.06436533542634486
-3.035870275561187
0.46203200397735733
0.06436533542634486
-3.035870275561187
0.2229070552308337
0.5645953052398477
-3.0386996399550408
0.022126013129842727
1.0622269664996975
-2.9173894243661
0.006565355157511634
1.119850462552555
-2.984031204170095
-0.14930256399190214
0.6098924511304007
-3.216819093476486
0.09342231857677005
0.4484551622844568
-3.3050560907305435
-0.05711796548849795
0.38343547544410633
-3.1770506432971257
0.09225968865940239
0.3921857787060841
-3.12945603198967
0.09225968865940239
0.3921857787060841
-3.12945603198967
0.04308817835103257
0.71724883769206
-3.0714206217611726
0.3688389543232762
0.6108541325064482
-3.1042450384188265
-0.10478525985079933
0.6549359595059482
-3.1680484641710134
-0.10478525985079933
0.6549359595059482
-3.1680484641710134
