-0.6539247015165084
0.10068155456595568
-1.0124824075099226
-0.5621447176378983
0.13522055205142014
-1.1000040443120276
-0.5241880776928556
0.1344448456306977
-1.1445634884807943
-0.5337384989963265
0.08918859206352511
-1.1424101225477543
-0.5854438104296195
0.09512829620509775
-1.1137400444141996
-0.5582017981331409
0.08869068808608094
-1.1290941131170538
-0.5686762350909133
0.04577534959050294
-1.1335528571119287
-0.5729216936649866
0.11411767750965321
-1.124596908766279
-0.515016532379397
0.1145906278240045
-1.222537737339857
-0.5942258328531878
0.059940622094146016
-1.1319378675247502
-0.5988310392983732
0.06338185498266626
-1.0787714632616798
-0.5460195432904907
0.08561227018647785
-1.178370082473211
-0.5847032134997077
0.10880919941588564
-1.1430198291377376
-0.5534592494364445
0.09755418237583606
-1.161610440588676
-0.5297477198130652
0.08759548717011187
-1.1914242764038234
-0.5485317183719047
0.09903761043622057
-1.171215628219589
-0.593764496951909
0.07711408813035395
-1.1126234657577172
-0.5598575986127398
0.07291620740418356
-1.1589090321952167
-0.47629808045509237
0.07626842030293438
-1.2442483766813872
-0.5628551297720581
0.08564556951648468
-1.1842574705222026
-0.4715631195122567
0.10109945943783495
-1.2896710116439227
-0.4515237783946208
0.11319992403398484
-1.288714874485777
-0.5281419705969647
0.07768831870303251
-1.229442701645868
-0.6040302166111272
0.07873346110093776
-1.126033743920669
-0.43425789248770535
0.08594329452573497
-1.3056219608551594
-0.5273350422357129
0.07109482689146193
-1.2436200609040964
-0.5835346888383531
0.08067715922977504
-1.1628892717572752
-0.48608246686636125
0.06601394383063379
-1.2699415650513608
-0.5485572989648959
0.06354544023444206
-1.2171897210981495
-0.4937134605679882
0.1084315035463818
-1.2637555975132426
-0.5227083158481506
0.09780763011513095
-1.2383079327608915
-0.5334143117439858
0.07300762607170735
-1.2262440168887785
-0.5289564936375087
0.06097856087542152
-1.2366556226369756
-0.4825584618631881
0.11321914426810502
-1.2804111637549163
-0.5426993465305168
0.0683577498775415
-1.2252173287785104
-0.48212526539501493
0.11070615896932186
-1.2839095886868934
-0.5027212314591297
0.09830869287733203
-1.2818857698712682
-0.49691306100382365
0.03941602868458609
-1.29949012466046
-0.558614101002382
0.03256283832338498
-1.2323461927118418
-0.4314125616016895
0.10675160446400993
-1.3458793315170725
-0.5140158756514329
0.08300865545770329
-1.2823207850698353
-0.48534045967330486
0.09913724741560175
-1.3252600794675367
-0.429465882454304
0.10044428699634589
-1.3599308240512245
-0.5044686466027544
0.10242402451137723
-1.3103066074184828
-0.3526288698326677
0.16051125043488385
-1.4098476468540655
-0.3526288698326677
0.16051125043488385
-1.4098476468540655
-0.5370744970222959
0.01778640444225131
-1.2944531668089603
-0.557965155105664
-0.0029480929663854385
-1.2860295464734515
-0.5429797186621821
0.061194785557717776
-1.2858030788776207
-0.45788695631100773
0.06731153136266284
-1.3632696045094725
-0.4141939040732553
0.07672870682176575
-1.4085211651374214
-0.44021498177415463
0.10089883231173354
-1.3805364300520127
-0.5719691951246924
0.10577545486192799
-1.2947652201712427
-0.4634619372782764
0.10766954221017765
-1.3870420708709539
-0.49219983380579846
0.0900996754287713
-1.3549481043479248
-0.5885319825285092
0.0601244998422596
-1.2765578596316283
-0.5272008636195461
0.03628028640971237
-1.357014797095962
-0.569841164027757
0.06955007070744659
-1.2958061667181184
-0.5076159031845455
0.04782733533399418
-1.3570805616489614
-0.4782743501566408
0.07380483582617242
-1.3943420854491864
-0.5582318620097523
0.08245311612359624
-1.3582603390701127
-0.43901248090655
0.13032880352644094
-1.4274768053014781
-0.56418126030117
0.04157843301752902
-1.3291410785172904
-0.5056686538102445
0.02131087388768448
-1.3983517334300763
-0.566687207030351
0.029769434338745508
-1.3355909301262137
-0.5077201010054828
0.016964522752012563
-1.3905596045163284
-0.5206469946009751
0.10806273393964604
-1.3897043043308064
-0.4288879517789029
0.10186553640023593
-1.4588350907667766
-0.504973997354917
0.09220303007429496
-1.4089285463540644
-0.48263850601375397
0.054735699221790945
-1.4405466987317281
-0.49936202849712574
0.09123033588074535
-1.4159103969655016
-0.5104547117471105
0.035024146191954576
-1.4288022187311096
-0.5129058218776702
0.05648332486533867
-1.4203987679113643
-0.4966472737473799
0.029707095690149277
-1.4479966028081677
-0.533302548825741
0.01382066276646633
-1.4176762555270195
-0.4166122352179293
0.1269665378106299
-1.507175218336412
-0.3929176579534123
0.2066716186194231
-1.5271824608370665
-0.5072224129832545
0.09566425725985928
-1.4620868025840938
-0.38488212263501503
0.08219074800706314
-1.5313358381729696
-0.5098168723011429
0.0618572883759822
-1.4618855924148946
-0.5164053006174366
0.042323419775213734
-1.4543370537524043
-0.5325346824392106
0.022635169624250395
-1.4508543916953038
-0.46953929381382187
0.0852069266514616
-1.503152980099342
-0.5568327300674576
0.07694748099693105
-1.4426091267859986
-0.32491297199889574
0.1545002573888457
-1.5836549452295068
-0.5438452176219364
0.07737404045264931
-1.4672263732446025
-0.44473218658953395
0.04556326145089048
-1.5349779448787306
-0.4813502660616941
0.04231754717058517
-1.5005635493050942
-0.47425462180518824
0.05279455876189351
-1.5190831804597562
-0.4807064114841568
0.04851047761828083
-1.52312241284547
-0.5629011729665931
0.04979163224609787
-1.465708705372044
-0.4162456235522141
0.09347915775327324
-1.5706705016978502
-0.36562938056473926
0.08998700514052098
-1.6011215871895546
-0.5132965644961945
0.05481506207455931
-1.521112621240112
-0.3548213245781987
0.11930281859743998
-1.6180888145914507
-0.4649045632156541
0.05742617442228968
-1.5659614612955344
-0.4725153675062794
0.0624062828099053
-1.5685836406001212
-0.5311906175126624
0.0694614783198298
-1.5343938991375237
-0.5070766724207149
0.11264662776102236
-1.5663586482842076
-0.6253127684062895
0.05919634507664974
-1.4561628599851881
-0.49677455541233706
0.06843282664673683
-1.5730772372191115
-0.46405530728559624
0.12403234458338433
-1.590278218140855
-0.49753100122158495
0.0650778427517044
-1.5864328074407994
-0.4138443932183186
0.01944713039994052
-1.6374512095092013
-0.5533326365957666
0.03524246603324891
-1.5442064389840962
-0.4471912342640272
0.05722810896829639
-1.6249889057132747
-0.539258584336584
0.05418826652068995
-1.563107780263621
-0.5751083763277655
0.0493084589627631
-1.558681231046704
-0.5448671214751697
0.1033513206947222
-1.5802366049479362
-0.5206019962974772
0.08448201915035901
-1.5911343102047715
-0.490883909085306
0.1445642875888905
-1.6333248557190934
-0.3689868174169137
0.19177918618209544
-1.6949697323208677
-0.43542517322850655
0.10663698203679688
-1.6586903425076684
-0.4498223221005468
0.004804038770862961
-1.6610397212948182
-0.524493288527084
0.09098246092893875
-1.6180929529027817
-0.5596805327094662
0.028466525893440727
-1.5834824029509462
-0.500432337086268
0.059010668903439374
-1.643227674925445
-0.47392617575020834
0.08628019993499983
-1.6578266956363412
-0.5240812143831204
0.08515889382015225
-1.6319998358265746
-0.48531366076149773
0.03327586650792151
-1.672350528800435
-0.44353062107199825
0.12589130788889327
-1.6930762749358412
-0.36284983494543005
0.11249095391240259
-1.731568461082677
-0.3842082904242428
0.08865232484444363
-1.7300824043648453
-0.6136816131280708
0.11104402198427367
-1.5864439220724658
-0.40771474310137
0.07605216140705012
-1.738208715748678
-0.6199031645430734
0.00122029698585303
-1.5999154275103442
-0.3717598330379861
0.12871977738293944
-1.7507647709765206
-0.5031341475162168
0.06669721148530139
-1.6901368020840986
-0.5204805807918408
0.0833250183949077
-1.674076731272249
-0.44558728663482255
0.004417915606297515
-1.7249708496599032
-0.47905033746756703
0.08551266277833118
-1.722108110558035
-0.4540363967108708
0.0633048881935968
-1.7378864283981197
-0.5346379424053215
0.08448159662678754
-1.6942577774496426
-0.5287739623717623
0.07408716535065751
-1.7064370423720916
-0.5411999953175235
0.07350398099152068
-1.6988936561264294
-0.48644530919611184
0.07691752624642399
-1.7439629472150129
-0.525825833405525
0.02436925079672017
-1.7287049669524106
-0.4682004170402777
0.12324916644292613
-1.762265260522576
-0.5087643844544314
0.054499160930431674
-1.7390519096365706
-0.48886667494257596
0.09542550034453395
-1.759864830236664
-0.4890059026740776
0.09147686030113325
-1.7599182103053952
-0.43950692852736584
0.2417402901841456
-1.7780751769608818
-0.4502598684439093
0.18047181217042133
-1.7941361481101659
-0.5209886350111593
0.1106674482773699
-1.7479493909755373
-0.49133215166395605
0.10379456342123311
-1.7777465122823366
-0.49125347062630526
0.10579121996918045
-1.7777166296532951
-0.36629313013219844
0.19015053380174018
-1.855837577150164
-0.3464539034779048
0.13310126374501144
-1.8569940515800765
-0.3464539034779048
0.13310126374501144
-1.8569940515800765
-0.5427349829362205
-0.049858083384159535
-1.766932226053646
-0.5331571264403261
0.07763655212787117
-1.7992367944770513
-0.6554294609086364
0.060535282025728575
-1.6906630625479813
-0.5335953096313975
0.06906829055761958
-1.83298373818403
-0.48069393792283743
0.06026338106863151
-1.8378057598092925
-0.5808459628450056
0.09498704956851506
-1.7818865353475648
-0.356450237112095
0.03288305579304358
-1.9008003267123859
-0.6302989131952679
0.09272484167376185
-1.7649099770534513
-0.7706509891955328
0.05455473077316761
-1.59795256890723
-0.6484783544475363
0.07092967696125956
-1.7292366568356285
-0.579544864513766
0.021104382920609992
-1.8087211360499045
-0.38968458364227715
0.22593045561166705
-1.8930990420178908
-0.3352013243168148
0.19126335964481322
-1.9386059763430783
-0.48461868916452355
-0.046892718810064786
-1.913495766880181
-0.6249436088330108
0.02581430510341425
-1.8569628353947076
-0.5928973257446754
0.10311829930458555
-1.8050010707108977
-0.5766980557873347
0.07880986688874268
-1.8433896159258427
-0.565485108397545
0.09527130454522856
-1.8370866544405946
-0.565485108397545
0.09527130454522856
-1.8370866544405946
-0.5379308932284707
0.01685982200698272
-1.9289213681887063
-0.5379308932284707
0.01685982200698272
-1.9289213681887063
-0.45508680588936734
0.07850095686279927
-1.923923493047337
-0.31490860577545726
0.13857732351987553
-1.9843128819319271
-0.31490860577545726
0.13857732351987553
-1.9843128819319271
-0.5893592047607616
-0.012809698846739381
-1.8530700843881949
-0.7787223871481853
0.024039583628132594
-1.6969235520053079
-0.6172749677709601
0.04908803464853961
-1.8638694501404036
-0.5352960643485702
0.06405750201802775
-1.9263448323556738
-0.4825460872405314
0.07421264695089681
-1.9569681708053843
-0.5670982950382357
0.21172014365178077
-1.916361722590236
-0.5975456508104007
-0.014557917689058536
-1.907206986544474
-0.5696236422960809
0.00964124463032787
-1.9393724732860524
-0.6163748996719381
0.04955153407179086
-1.8970653237098816
-0.5540850585832969
0.12094888830174289
-1.9219316373003585
-0.5563144005525165
0.06899872234631087
-1.938833034932495
-0.4970473808964484
0.04353842892605665
-1.9832426211581753
-0.29317157986790726
0.33253474280878376
-2.027345087953577
-0.421841531563749
0.11238728090504524
-2.0164476186432676
-0.5378536043057852
0.1818271121093209
-1.9639727426541302
-0.47663764983612283
0.1530231502684037
-1.9974849594904422
-0.6171748026301658
0.04167891878129034
-1.9332922733467253
-0.5377386771513859
0.05635467221904367
-1.9690425133281348
-0.5234687700044373
0.1074989268771612
-2.0039153667166048
-0.5800393929173766
-0.03693842139884739
-1.9840240805902654
-0.7417055598221323
0.13723338668802063
-1.8287920165351377
-0.5911965811402272
0.08071773561760444
-1.9610520104399096
-0.34844423945260533
0.0860622092054194
-2.0804937033096484
-0.5909413702503825
0.06896352980855192
-2.000239654181849
-0.46007585079259394
-0.00797160815103675
-2.0672693796853507
-0.5876948059777806
-0.013081700635927422
-1.988586293811949
-0.5953058842815846
0.07243200361742445
-1.9832985160471757
-0.4566313020107816
0.057107173769965575
-2.060328400429371
-0.5938762635973809
0.07459024191790023
-1.9831481464605103
-0.392635524255168
0.07329208063333287
-2.092643339863161
-0.45121518861126514
0.2931803388088242
-2.0580140324668728
-0.5345615133596263
-0.06326306729315145
-2.104052210500998
-0.41809387184094765
0.14702428353905816
-2.102814581143016
-0.5839163679445605
0.06852397320400988
-1.9995451106865558
-0.41808048194195163
0.19972727438668578
-2.0963005769414913
-0.6378767984814461
0.10999027630636714
-1.9908379470738333
-0.7207767560374388
0.06330192166870828
-1.9396884365438418
-0.5265857311029977
0.09727694049864151
-2.075762598667182
-0.5145455162418677
0.07859000613036528
-2.0947449139981003
-0.5949704014659841
0.19072222371512715
-2.0412956555377884
-0.4298280735213211
0.11650253820857613
-2.1473434811849397
-0.6065370063867129
0.07674082662992432
-2.0536478420278734
-0.6468856536208604
-0.04168094909919872
-2.028570377324778
-0.6309635985815887
-0.044997325626326336
-2.0369970063590856
-0.4957051705193054
0.14521870073347204
-2.1294196400046888
-0.6688984654032553
0.05935722924330588
-2.0234481828605606
-0.49410798030810743
0.03952414582713104
-2.1505717159291406
-0.42886565608263444
0.10827865937426932
-2.174657161528112
-0.3340664980742996
-0.12149752521890371
-2.2048253227132837
-0.3340664980742996
-0.12149752521890371
-2.2048253227132837
-0.6172884374452756
0.07892964460121364
-2.103816376283316
-0.6901504606515745
0.07156524602407129
-2.0377411701949524
-0.5320344573967734
0.0988700780216266
-2.1532790491765623
-0.6055774551877506
0.0727085960053004
-2.096717426042513
-0.3756514161804009
0.08498464874701925
-2.226359382774077
-0.523615961260639
0.008648664420038067
-2.1617476722692457
-0.4947776059644558
0.1809695758726582
-2.125222761724552
-0.3872570604801469
-0.0439061827755935
-2.2635643056866153
-0.5394325670156919
-0.11301382014919724
-2.1796666468150203
-0.7196903968897264
-0.02255323372163499
-2.0469079218846375
-0.5386008120422776
0.09808359540602477
-2.180614667101816
-0.5386008120422776
0.09808359540602477
-2.180614667101816
-0.6283067405784458
0.08590887703832539
-2.156582490034525
-0.5919429689289175
0.12426037785400124
-2.162555009723921
-0.4993648036471419
0.15206699801412896
-2.211063099394338
-0.42022210010671684
0.06917678406863442
-2.263965531612353
-0.2871309068351979
0.3001649791785555
-2.2755628765972093
-0.6531037414593533
0.03216706233962134
-2.138612485676566
-0.5141386250327644
0.17862099338437137
-2.216775787484198
-0.7755854199339864
0.08602819827128601
-2.064195332298711
-0.5221422654272291
0.09580922284498768
-2.25857185743389
-0.7208331469255237
0.0606420321236482
-2.138692177951217
-0.42033013539083863
0.1247651448293777
-2.289504980899963
-0.4976518473328267
0.1844327560258368
-2.2660917628932515
-0.4976518473328267
0.1844327560258368
-2.2660917628932515
-0.6391317495201603
0.07162635885645141
-2.2118064808274887
-0.4706117839475617
0.2592014534428012
-2.2877085426857815
-0.5196200202382782
0.07229625900240523
-2.259028019530448
-0.46662507402960157
0.424738744229217
-2.266378745452516
-0.6025872499404292
0.12102437539959822
-2.2475369192637564
-0.4107479195884469
0.12035034436606926
-2.3202118133303085
-0.4979533122393622
0.14435370204191053
-2.300958671478694
-0.136735739107074
0.4011431216577314
-2.387243763007126
-0.136735739107074
0.4011431216577314
-2.387243763007126
-0.5404438912977642
0.08674760638122414
-2.2971933352768885
-0.5751031429293586
0.037892708780628115
-2.2795167604526503
-0.49548945880546036
0.1414327493455643
-2.3010934148224025
-0.49548945880546036
0.1414327493455643
-2.3010934148224025
-0.5586484311876422
0.198747019832974
-2.2970320969790707
-0.5586484311876422
0.198747019832974
-2.2970320969790707
-0.3777924447377889
0.16417097170952225
-2.372376729055908
-0.6489370110551225
-0.04635580846329757
-2.2712794873547177
-0.6489370110551225
-0.04635580846329757
-2.2712794873547177
-0.7284422161530814
0.0674481711820224
-2.2313200762559386
-0.5029259301603514
0.15245208613256223
-2.3640298390170678
-0.6495109668523187
0.07884556041932086
-2.270160688143538
-0.45000488648017817
0.036932830114579776
-2.405029629627675
-0.5433421669677106
-0.028463727455678774
-2.367108174343586
-0.5433421669677106
-0.028463727455678774
-2.367108174343586
-0.673198634878496
0.06758951394216317
-2.3114548859019215
-0.673198634878496
0.06758951394216317
-2.3114548859019215
-0.613585940037653
0.03901010831434268
-2.32960063352571
-0.6103955367014938
0.027349382582582186
-2.3823270578185305
-0.6103955367014938
0.027349382582582186
-2.3823270578185305
-0.6839403580489684
-0.03913411157872498
-2.323667332450386
-0.44272499204453614
0.038652230801326085
-2.4390309305918816
-0.6995415826468717
-0.08717089087712061
-2.305448557167932
-0.38731179313616465
-0.03618332024348216
-2.463978855973743
-0.527772451292364
0.16673924710511884
-2.40646173252209
-0.7249562026636264
0.017789713193240235
-2.4071183445569524
-0.7281880764178212
0.12134492801168575
-2.342730307337983
-0.66733572716549
0.0760628786372376
-2.3638409937105154
-0.5248111954787452
0.21251439728016838
-2.4346363442700363
-0.7518603105023229
-0.018628581187155067
-2.3252518661768473
-0.7518603105023229
-0.018628581187155067
-2.3252518661768473
-0.5064491471417497
0.1761636648721901
-2.4634501952364074
-0.24999679805207986
0.45783598332961895
-2.4884406824970724
-0.24999679805207986
0.45783598332961895
-2.4884406824970724
-0.5655086256746498
0.08047211495702963
-2.438115870045654
-0.5656637311141612
-0.0879259217254251
-2.4741757990661806
-0.37240382463899485
-0.09539367681238729
-2.5287050368624437
-0.4937771188133707
0.17120391376303626
-2.49932524366893
-0.6752567312196098
0.08140505307881958
-2.430526780369104
-0.30617794943609145
0.0789497065598392
-2.552679891314007
-0.5427311793072152
0.11934326531792067
-2.4602613008932606
-0.6274236485872474
0.022038930699288018
-2.4621585809748137
-0.5941551387986144
0.02640170321439203
-2.475921166937685
-0.7371495501199086
0.11705399476423416
-2.408134262194864
-0.37367877106034125
0.15654267806474603
-2.5585962368130257
-0.5420832390753243
0.0997526924476053
-2.4968834343972746
-0.5042619106336044
-0.025734543742147693
-2.5390937376660796
-0.6611595885356923
0.0661573935530282
-2.4899690120626516
-0.6611595885356923
0.0661573935530282
-2.4899690120626516
-0.5995040842623612
-0.2013942488022831
-2.5265060039962366
-0.5995040842623612
-0.2013942488022831
-2.5265060039962366
-0.5393332533807148
0.10436070273347138
-2.5334354273635395
-0.5392290017253989
0.10076771812708685
-2.533585518487935
-0.508081782796864
0.21193548020055922
-2.5429630272571786
-0.5627622895434905
0.07289850543926939
-2.5464553387623243
-0.679575921209085
0.0787230743970581
-2.5009738173051073
-0.679575921209085
0.0787230743970581
-2.5009738173051073
-0.719533898403919
-0.18226330901421237
-2.4756162387869383
-0.8120536448964559
0.06090842759787172
-2.502336577807435
-0.6048085094608052
-0.0033503121293735035
-2.560239248900146
-0.7603488326689946
0.048993385924638574
-2.560962411330218
-0.8774999130803897
-0.08822847867107038
-2.518125891035478
-0.9771388931602697
-0.22494487567819968
-2.3213349248074207
-0.9771388931602697
-0.22494487567819968
-2.3213349248074207
-0.7555828079859518
0.11125661927544041
-2.5141398796999668
-0.5373332735165579
0.09869741998159867
-2.6109082655220104
-0.6027439809137616
0.2340649900376073
-2.5958571045189616
-0.6899867049573041
0.07559426302167095
-2.5761569293296462
-0.8051417305559498
0.0560114973333412
-2.5018274772938685
-0.8051417305559498
0.0560114973333412
-2.5018274772938685
-0.5099814952316951
0.22978635197845507
-2.6607485060689875
-0.641105703446005
0.13641530906947688
-2.625564786598409
-0.4265785407679713
0.04584331486696095
-2.717100025028645
-0.7153985134156494
-0.09666524893376238
-2.5877948710156904
-0.5439254805534801
0.09487247915316763
-2.651932115569796
-0.8851975866387015
-0.09149572384673724
-2.517542108262582
-0.7836167688078411
-0.1390678137464701
-2.5899719848986527
-0.7836167688078411
-0.1390678137464701
-2.5899719848986527
-0.6836461387517216
0.32023695906275623
-2.609964161510685
-0.5160852386120907
0.22585299963181593
-2.704938350242729
-0.5160852386120907
0.22585299963181593
-2.704938350242729
-0.5160852386120907
0.22585299963181593
-2.704938350242729
-0.8344990046659322
-0.059728068707732666
-2.5778400860954975
-0.7637386953604799
0.35270714699095423
-2.5760238154826234
-0.7637386953604799
0.35270714699095423
-2.5760238154826234
-1.0292668348849303
-0.07113926012588283
-2.460260301698239
-1.0292668348849303
-0.07113926012588283
-2.460260301698239
-1.0292668348849303
-0.07113926012588283
-2.460260301698239
-1.0230672393993916
0.09161193921609152
-2.552512266679245
-1.0230672393993916
0.09161193921609152
-2.552512266679245
-1.1176283512754293
0.09060111087942273
-2.5124791741489125
-1.0369109297920727
0.19313958425626124
-2.512853670006646
-0.8219412414768901
0.11809903723592284
-2.71468659260097
-0.8219412414768901
0.11809903723592284
-2.71468659260097
-0.8219412414768901
0.11809903723592284
-2.71468659260097
-0.6514887026997433
0.002489396554518501
-2.765647865158189
-0.6514887026997433
0.002489396554518501
-2.765647865158189
-0.31798061243826414
0.18552192265906664
-2.9048081787565465
-0.49032139882800807
0.18582086759289418
-2.880314638844849
-0.6004402039310242
0.3094489995602478
-2.817537968672928
-0.30811597662792833
0.15029546594617196
-2.909082078484848
-0.4947200973218999
0.18995863378110592
-2.8798812662155053
-0.9181582823848502
0.18008278839690317
-2.7267263325421114
-0.5692359357759336
0.06919225856272937
-2.877529342529401
-0.48555160467056213
0.26426921296939926
-2.870653512311294
-0.7331747481894263
0.21442288281609856
-2.8741385398242407
-0.5725468544754024
0.07780628258459175
-2.8773852126134756
-0.7131252890086293
-0.066271953141044
-2.8409084380575798
-0.49109621818288274
0.3754554403713069
-2.9014209579073666
-0.49109621818288274
0.3754554403713069
-2.9014209579073666
-0.49109621818288274
0.3754554403713069
-2.9014209579073666
-0.7720671176043582
0.21356957757583508
-2.765071100019229
-0.4857979959764889
0.39044689604497285
-2.9130605011167425
-0.7647509340196661
0.0605336087601709
-2.833821492956588
-0.7745848368172985
0.03339110596203762
-2.8816947370054105
-0.7745848368172985
0.03339110596203762
-2.8816947370054105
-0.7745848368172985
0.03339110596203762
-2.8816947370054105
-0.7745848368172985
0.03339110596203762
-2.8816947370054105
-0.5762053538291013
0.06403969208593688
-2.927356368943859
-0.5762053538291013
0.06403969208593688
-2.927356368943859
-0.6006147307721593
0.011033942567698088
-2.943999339885683
-0.6006147307721593
0.011033942567698088
-2.943999339885683
-0.3274837299184698
0.4467600453467868
-2.973293893287502
-0.3274837299184698
0.4467600453467868
-2.973293893287502
-0.3274837299184698
0.4467600453467868
-2.973293893287502
-0.3274837299184698
0.4467600453467868
-2.973293893287502
-0.3274837299184698
0.4467600453467868
-2.973293893287502
-0.20669780656925707
0.7230509405348949
-2.962042298133566
-0.6900653067439989
0.16427487762744974
-2.8937578541846305
-0.6900653067439989
0.16427487762744974
-2.8937578541846305
-0.7821441481157246
0.009747806518872236
-2.932084077509748
-0.7821441481157246
0.009747806518872236
-2.932084077509748
-0.7821441481157246
0.009747806518872236
-2.932084077509748
-0.7821441481157246
0.009747806518872236
-2.932084077509748
-0.2718021237002059
0.19214755252940888
-3.060567905580491
-0.7113561642004061
-0.05684421512979686
-2.9725067930832303
-0.25663745146459016
0.19829650273935248
-3.1159510088702973
0.09840981746228321
0.40120918666792016
-3.058485126520996
0.3829360187946495
0.09102778898181346
-3.0890160896177394
0.3829360187946495
0.09102778898181346
-3.0890160896177394
0.3829360187946495
0.09102778898181346
-3.0890160896177394
0.3829360187946495
0.09102778898181346
-3.0890160896177394
0.3829360187946495
0.09102778898181346
-3.0890160896177394
0.3829360187946495
0.09102778898181346
-3.0890160896177394
0.3829360187946495
0.09102778898181346
-3.0890160896177394
