-1.386439618154058
0.09247844286223901
-1.8393966514674769
-1.386439618154058
0.09247844286223901
-1.8393966514674769
-1.393626413498116
0.0687747815130332
-1.8184521117088317
-1.370477880503919
0.0372009995274683
-1.957948090525782
-1.370477880503919
0.0372009995274683
-1.957948090525782
-1.3315844152729215
0.09491783388610697
-2.02829350897331
-1.3351366932174404
0.12641867955130823
-1.9904851255020346
-1.3351366932174404
0.12641867955130823
-1.9904851255020346
-1.3591382435784352
0.06317328641969172
-1.960671905069637
-1.327211373922224
0.08128754542418322
-1.9602649280823337
-1.3405343113809347
0.05168552417376362
-1.9689649756966487
-1.4080287728310013
0.06787010398012394
-1.900210282374419
-1.3334615600317825
0.0723797707508127
-1.9499780071559563
-1.343205716202142
0.07925610248734176
-1.9376754144922201
-1.3112179830396908
0.07758485084090733
-2.0151382406229814
-1.3430159929393668
0.021776578948485743
-2.016173057714175
-1.3472375940484
0.12927334039752958
-2.0028737553201688
-1.2014809385958594
0.06483242795591337
-2.2168569960081577
-1.3061864332357296
0.07469592951732039
-2.0636318276244823
-1.3409239556689008
0.098068370106807
-1.9656156464437529
-1.2666865532704346
0.06818638648966516
-2.120675774531395
-1.2810956016039865
0.06845626403356733
-2.0738618553200627
-1.2709936010597558
0.0875966970550996
-2.1128727673627448
-1.3455486863924022
0.12340290368224502
-1.9371910970458306
-1.29214637547066
0.06481533107067065
-2.1020987832353404
-1.3196130143910327
0.0883071304711761
-2.064151171108888
-1.386471461391853
0.11720450683411793
-1.9612627189571166
-1.214360820281053
0.09822046398422705
-2.215267477114355
-1.3315480461270561
0.0802781552594819
-1.998511317137581
-1.243234246448195
0.05737985976050313
-2.139200068910362
-1.306566342883714
0.020883877084696204
-2.1137557265074993
-1.4061797491033559
0.06162494928577869
-1.9942710245495925
-1.2694208320557965
0.031690888819368476
-2.1964982051480515
-1.3589805952918819
0.02992271654099895
-2.0502932092892854
-1.1743829744705883
0.10963744736036617
-2.2989760209446146
-1.3595930173427633
0.10705396897980417
-2.0761119076749206
-1.2656312883636816
0.09052137413701164
-2.1144320941893877
-1.1896237949148207
0.09504722769856298
-2.2464457779389813
-1.2509408026580378
0.04765290098185867
-2.156290872641531
-1.2619852782936967
0.058876493963362246
-2.1098657136544303
-1.2959397400389565
0.035149254026245344
-2.1298990746023247
-1.2678803775930623
0.025642428712426727
-2.107167432577461
-1.2501820784649933
0.07512617769411337
-2.168654923662588
-1.243948153410238
0.15561636580432578
-2.1624419417963407
-1.2303303679680389
0.06356730269638325
-2.2199678681672514
-1.0607358335636639
0.1376827837727219
-2.42868422375125
-1.1650038915494763
0.15589523651762832
-2.3134567909675923
-1.308514156196917
0.03316719484588397
-2.125777355686766
-1.267641003750901
0.20103268174872083
-2.1533709457774073
-1.0671985391352572
0.21239896894791332
-2.444535485676334
-1.3052305140489533
0.09891518274538359
-2.1019436698884233
-1.2271831299234135
0.041021268673850864
-2.2680178769386607
-1.2548327694661123
0.07011660252011905
-2.190063665710855
-1.1305808343866475
-0.1957658944859755
-2.407872309911046
-1.200377651151848
0.0855648483612637
-2.252799690731235
-1.2086877800818598
0.034508633509055676
-2.2464846541186727
-1.0833929366059873
0.09462430330048044
-2.381281131809015
-1.24219008071048
-0.0016534442754282536
-2.1913624832770906
-1.233478597784175
0.07835743727607132
-2.231006360977961
-1.102614932392904
0.11964302758179177
-2.366677745851084
-1.2020622701332262
0.10994398449051554
-2.2782792068277313
-1.163727526876009
0.11852366649077724
-2.374155524553787
-1.1916571122302149
0.05645643303509148
-2.2866812016413056
-1.2821737259345782
0.10989706616495352
-2.2125149637707304
-1.2052460222388137
0.08202958821114972
-2.27376446678529
-1.1960694890243693
0.0865594346757614
-2.276257657279531
-1.1911630213841737
0.08179631801995432
-2.2777307576673542
-1.1136211239690437
0.13515753856075693
-2.369919086609447
-1.160075122869557
0.05058899471288981
-2.3308336681856217
-1.0405123221497035
0.05797596204114331
-2.446098558339602
-1.128268973417131
0.10606594885213981
-2.3632980176662226
-1.1155092079918207
0.11155776928414707
-2.4028673709807205
-1.0145492775052984
0.09524293819176122
-2.5511706563147447
-1.1612703921178524
0.1301035246891336
-2.376092176795801
-1.2527297366995376
0.1010818221032192
-2.271408513373395
-1.1729685590773506
0.02704934138743634
-2.357439189110092
-1.1193542040273359
0.11343399753935487
-2.4390152070164413
-1.1385935660382822
0.06801770501453401
-2.38783315178533
-1.3230971061666439
0.07990754354385304
-2.250734222443385
-1.113686604372916
0.17837067986733707
-2.4301606520073573
-1.1932166908545556
0.11546297597952652
-2.3734551741431194
-1.1332773059498593
0.017479317092455295
-2.3868208754975457
-1.2358754095316067
-0.01642602610549859
-2.3373814320456887
-1.1693452189411182
0.058291455344430594
-2.349003232537647
-1.0844077162626158
0.006389252782125954
-2.490344556853052
-1.1822956975947474
0.08290288693957215
-2.334553160837084
-1.1125108346569956
0.05439550139697334
-2.452349496244737
-1.1066696575919062
0.13650651834328967
-2.424074643121715
-1.2709231844905386
0.0438912863704597
-2.325050966765002
-1.1155568427244111
0.08106289740321532
-2.4179624095619316
-1.1568210130385244
-0.019751359910480774
-2.4258265757521644
-1.1517092212285827
0.03443587835955188
-2.4042072527516494
-1.1165244072752294
0.1431999309355044
-2.5427897603607694
-0.8304122388722814
0.18911094845250695
-2.7030065564491257
-1.1518106608862364
0.11324335719051071
-2.4559554024006576
-1.0125907031333068
0.23460619417497203
-2.563709044695873
-0.9930465027350092
0.13313995603844386
-2.561343726741904
-1.1301238858571307
0.0947088267413245
-2.460186238735936
-1.0191191408920388
0.08630380160023102
-2.551640040345225
-1.1422571238419779
-0.0013937966740313883
-2.415707360534965
-1.0412450488526779
0.021940532829231873
-2.523270100634819
-1.0789321935345244
-0.00633368639721148
-2.484817227983107
-1.174461674837205
0.03222439403990322
-2.3981945788818533
-1.0962323638238378
0.07137105655217142
-2.5177073469453104
-1.1289273299457676
0.11484174005507937
-2.474817038939253
-0.9793712662997616
0.02507196657258052
-2.6531495260629456
-1.165037188104276
0.06112314273648292
-2.4835255173595656
-0.8427425558645978
0.01611798168626225
-2.7182036387004707
-1.0096988158449414
0.17899163483472855
-2.579750565577638
-1.0775736833991894
0.0592969343443739
-2.5427833913904307
-1.0460587996777744
0.013324263904796362
-2.5542511844490714
-1.0828191783541048
0.1437117588117156
-2.5327627375115367
-1.0776213910772023
0.1533494356407265
-2.5325376330138303
-1.0169226772227322
0.05868872426296144
-2.6251308938091604
-1.08164536315339
0.036398406850443474
-2.5816418793674556
-1.1321283079092923
0.07391028874308857
-2.55228638833313
-1.0365728246778152
0.0030274205998273183
-2.618257162187026
-1.108261598113313
0.08279751137032107
-2.522904319146361
-0.8388568073967116
0.025147690088890177
-2.7792183545556357
-1.087276073653947
0.07066628855677015
-2.5971093903324163
-1.2038506758827334
0.23286994749009116
-2.4568935502905465
-1.0666394202879854
-0.0024287174308535706
-2.6491026175952763
-1.046967703130904
0.2929221598412387
-2.667542272767923
-1.3724442569101645
0.25441342228775937
-2.2409491578144483
-1.2211549110563837
0.13556948102503574
-2.5447292345707493
-1.1673021182167287
0.2242327235543422
-2.556418242247396
-0.8968957954569435
0.43690416389165376
-2.795371679076634
-1.2878381275452913
-0.055547243162248884
-2.4633212185867017
-1.2878381275452913
-0.055547243162248884
-2.4633212185867017
-1.1982837487895601
0.09877438722804298
-2.5758994400652266
-1.1982837487895601
0.09877438722804298
-2.5758994400652266
-1.028153110532082
0.2242433974110444
-2.674082033234194
-1.02725714035061
0.13401200161578572
-2.751187665216727
-0.9509483984893126
0.2934674879552505
-2.8829697381448165
-0.8388752771783806
0.3926937266114174
-2.905476289735433
-1.1973895871200866
0.2502785567143374
-2.655558528926976
-1.1973895871200866
0.2502785567143374
-2.655558528926976
-1.1635240300997516
-0.04391634978643168
-2.719481559424961
-1.037044388562535
0.25237714282202195
-2.744484080076911
-1.0878746460412434
-0.03194286543284845
-2.8252466987650977
-1.1390313289164393
0.04618339210084432
-2.651931980313954
-1.1125556559001963
0.11243367036773512
-2.734911280886919
-0.9359963269004912
-0.07386550896879715
-2.8795493074411382
-0.9359963269004912
-0.07386550896879715
-2.8795493074411382
-0.859957296400715
-0.006815015134347074
-2.903386105834879
-0.9543531398640909
0.06429961814831531
-2.86681898549661
-1.058970789476982
-0.05752382224059235
-2.7765075645426425
-0.9279004202250963
0.06275470022975672
-2.8777623546893714
-0.9278969498870605
0.05981051011366069
-2.8777997637902146
-0.7919618549783215
0.08590868158743985
-2.939355204546173
-0.9945309262569075
-0.024086675040030935
-2.827316615451483
-0.6669043267195701
0.344707997035875
-3.0370338313327596
-1.053582428909244
0.05654767756158173
-2.8033834184888056
-1.0109112852686377
0.10618103522028736
-2.866720213181734
-1.0109112852686377
0.10618103522028736
-2.866720213181734
-1.1082208751967981
0.09586387740597091
-2.7759540321082503
-0.9821632886940679
-0.03820039516091836
-2.8528935878335324
-0.9244073353216591
0.03651321152819369
-2.9238069850128308
-1.1536147403201544
-0.0587724541810881
-2.730314168223881
-0.8749476417555453
0.1352224208754184
-2.9573182458512575
-1.0171028305905623
-0.017451994736858017
-2.8908490754511917
-0.7426491605833259
0.5050037434605092
-3.0244244514533993
-1.1237284409391992
0.0978066955579733
-2.818898488536532
-1.0936045545907143
0.00552890185819362
-2.8838817188579995
-0.8777396041789822
0.1350913445672344
-3.0075720710544185
-0.8777396041789822
0.1350913445672344
-3.0075720710544185
-1.0538124691581072
0.04319290549535837
-2.8463255838687016
-1.0893934237615315
-0.07145755125732188
-2.882308849246264
-1.0893934237615315
-0.07145755125732188
-2.882308849246264
-1.0711946228930551
0.032985041391908686
-2.8943070330693024
-0.9658410672223928
0.20211814080039311
-2.939969347778141
-0.8367317897251572
-0.029491446042309417
-2.99642632471934
-1.065235031625282
0.05043018449424953
-2.8925132105179663
-0.7899863400328931
0.08608166150054113
-3.056246635586173
-1.0316409712123895
0.0034816222292946737
-2.9560572275567325
-1.015495180947162
-0.021417943420430612
-2.936280174323499
-1.0652112812232915
0.05305932472685493
-2.8925097854791537
-1.0010331879567127
0.14018948076243504
-2.9390421509142888
-1.092332693413099
0.18368719735462968
-2.924821912656143
-1.092332693413099
0.18368719735462968
-2.924821912656143
-1.2851128895547497
0.042998671562135084
-2.769972499427949
-1.2943776425704945
0.16172445721935969
-2.7859649555284975
-1.2943776425704945
0.16172445721935969
-2.7859649555284975
-1.2588434496502592
-0.11572254543994294
-2.8584700277748536
-1.1669392440289583
0.11733706117050359
-2.9603778744880467
-1.1669392440289583
0.11733706117050359
-2.9603778744880467
-1.1258175862339743
0.2608728304152093
-3.0005961219113853
-1.1258175862339743
0.2608728304152093
-3.0005961219113853
-1.1258175862339743
0.2608728304152093
-3.0005961219113853
-1.1258175862339743
0.2608728304152093
-3.0005961219113853
-1.217107592942035
0.04568329097393959
-2.937979533146646
-1.217107592942035
0.04568329097393959
-2.937979533146646
-1.032312092581433
-0.03842039470421281
-3.068865036058614
-0.9782067183386771
-0.13531728099305487
-3.1099549809054925
-1.0448865163536025
-0.1878893236152599
-3.0514239969719252
-1.1807881325600686
-0.17036888572971187
-2.9702340515225916
-0.8737534019627256
0.131990365709221
-3.166549692324832
-1.1023436728230351
-0.12329139890919763
-3.0016618132126243
-0.9632730442234984
0.0759046969402292
-3.112468260646329
-0.9632730442234984
0.0759046969402292
-3.112468260646329
-1.101495779845551
0.04597112836385348
-3.04009338228181
-1.0430713638037712
-0.04273670977443216
-3.122466288755721
-1.0337759381198561
0.1209276951751783
-3.059886827921765
-1.1750490400787392
0.12228126069396261
-3.0080663887441
-0.8717421975327723
0.132122223117248
-3.166063087082605
-0.9592740718665059
-0.14668795155273703
-3.138566546012352
-0.7566749050167658
0.0785094916545341
-3.259189839306262
-0.9373278530428699
0.3631842743315366
-3.137474893713112
-1.0956715261033618
0.015292513404905006
-3.0389822466343577
-1.1669357496616968
0.1010784953154782
-3.006665249731884
-1.1254900211391319
0.1817706218432662
-3.043838261990684
-1.2909577787344966
-0.2549940809481139
-3.034348999650816
-1.2377239205806203
0.18611565901314805
-2.941881099130611
-1.254909615361136
0.06047599669531744
-3.007727451309626
-1.008550442894344
0.21339848302581768
-3.204392929446394
-1.1262522497965672
0.1899068734721628
-3.042717459806643
-0.9589468074893454
0.04303058262849196
-3.203606111292673
-0.9590129876613447
0.053497155851461795
-3.2034505773775166
-1.266919575855218
0.03560856151284091
-3.0266232594164664
-1.0507505681284635
-0.05619303532700131
-3.139341670572939
-1.2186855402073098
-0.19076457321671123
-3.103961570129172
-1.0477086315624398
-0.05424460829108082
-3.1755842684679108
-1.1883015911466466
0.11412928981749096
-3.05952175694058
-0.7529461057348941
0.06975804656521836
-3.3845159926852544
-0.7529461057348941
0.06975804656521836
-3.3845159926852544
-0.7529461057348941
0.06975804656521836
-3.3845159926852544
-0.7451196636367461
0.06052215972572485
-3.3191073033325695
-1.270242073671286
0.0386613168603098
-3.089129014856356
-1.1784865572171759
-0.041728409713244145
-3.0630840617874666
-0.9664204884454942
0.049344384698260545
-3.262236821811305
-1.124858048231233
0.04746839032929825
-3.1460648112948175
-1.124858048231233
0.04746839032929825
-3.1460648112948175
-0.6655986311045335
0.26124943169687553
-3.4086850982358956
-0.6655986311045335
0.26124943169687553
-3.4086850982358956
